hp	R	RL	PL	HL	IL	NL	L1	L2	L3	PL0	PL1	PL2	PL3	TL0	TL1	TL2	TL3
0	0.13818465	0.06088025	0.034612625	0.88872475	0.134886	31.791845125	0.005493025	0.05839745	0.93610955	9341.675	43.75	258.75	334.975	0.0	720.05	3485.875	5773.225
0.05	0.10215805	0.19164975	0.1160293	0.931786425	0.247576575	115.601992325	0.0407317	0.310690625	0.64857765	7842.175	249.675	1217.7	669.6	0.0	720.05	3485.875	5773.225
0.1	0.0925701	0.271884775	0.1427437	0.919716775	0.33036245	172.2594857	0.08309785	0.479105225	0.437797	7350.175	393.7	1627.075	608.2	0.0	720.05	3485.875	5773.225
0.15	0.0909874	0.31732515	0.151515475	0.8963352	0.373324675	207.39618105	0.1211612	0.569932375	0.308906425	7188.625	489.5	1810.575	490.45	0.0	720.05	3485.875	5773.225
0.2	0.0920517	0.340117075	0.154350675	0.87348705	0.3974724	230.691114825	0.1544088	0.61833375	0.227257425	7136.4	563.125	1882.625	397.0	0.0	720.05	3485.875	5773.225
0.25	0.094022425	0.34882325	0.15415665	0.8542375	0.41043445	246.10605375	0.181837225	0.64120765	0.17695515	7139.95	609.875	1904.4	324.925	0.0	720.05	3485.875	5773.225
0.3	0.09623845	0.34923345	0.15236575	0.83880085	0.417240525	256.39112005	0.20292815	0.6516052	0.145466625	7172.925	637.25	1900.125	268.85	0.0	720.05	3485.875	5773.225
0.35	0.098432625	0.3465604	0.150218875	0.8259155	0.421069075	263.917260125	0.2200623	0.65566945	0.124268325	7212.45	655.475	1884.075	227.15	0.0	720.05	3485.875	5773.225
0.4	0.1005087	0.342575975	0.148029	0.81451135	0.423450525	269.889186225	0.234773425	0.656463425	0.10876325	7252.775	669.05	1861.275	196.05	0.0	720.05	3485.875	5773.225
0.45	0.102430375	0.339580625	0.14612345	0.803984175	0.425113075	274.898733925	0.24784995	0.655105925	0.097044	7287.875	680.85	1837.175	173.25	0.0	720.05	3485.875	5773.225
0.5	0.104200175	0.335996225	0.1441819	0.79465935	0.426335025	279.0405686	0.2590986	0.6530355	0.087865825	7323.625	689.25	1810.75	155.525	0.0	720.05	3485.875	5773.225
0.55	0.105823725	0.33287555	0.142509725	0.78604765	0.427251	282.65932385	0.26923645	0.650387025	0.080376375	7354.425	694.9	1787.65	142.175	0.0	720.05	3485.875	5773.225
0.6	0.10731155	0.3295088	0.1407612	0.77799665	0.4279117	285.8954043	0.278871925	0.64676975	0.0743585	7386.625	699.9	1762.725	129.9	0.0	720.05	3485.875	5773.225
0.65	0.108677175	0.3263492	0.139124875	0.77050545	0.428480475	288.7829971	0.287633925	0.643262175	0.069103875	7416.775	703.325	1740.275	118.775	0.0	720.05	3485.875	5773.225
0.7	0.109931525	0.32280005	0.137484625	0.7631202	0.428958775	291.57917805	0.296101525	0.6397667	0.064131725	7446.975	706.225	1716.55	109.4	0.0	720.05	3485.875	5773.225
0.75	0.111087225	0.3199977	0.136066325	0.755887925	0.4294324	294.33503315	0.304541325	0.636105525	0.059353125	7473.1	708.475	1695.9	101.675	0.0	720.05	3485.875	5773.225
0.8	0.112154225	0.3174653	0.134848875	0.74846165	0.4299331	297.13207845	0.313390725	0.632082475	0.0545268	7495.525	710.75	1677.775	95.1	0.0	720.05	3485.875	5773.225
0.85	0.1131413	0.314578325	0.1335755	0.741101775	0.430548925	299.8546513	0.322147525	0.62816405	0.049688525	7518.975	712.825	1659.05	88.3	0.0	720.05	3485.875	5773.225
0.9	0.11405605	0.31148895	0.132411875	0.733974675	0.431135025	302.36900985	0.3304321	0.62428285	0.045285	7540.4	714.275	1643.2	81.275	0.0	720.05	3485.875	5773.225
0.95	0.114904125	0.30863495	0.131300075	0.727180625	0.4317319	304.6464833	0.33805545	0.620579275	0.041365325	7560.875	715.45	1626.875	75.95	0.0	720.05	3485.875	5773.225
1	0.115694025	0.305720575	0.130246725	0.720907175	0.43230605	306.6685605	0.3448025	0.6173184	0.03787915	7580.275	716.15	1611.85	70.875	0.0	720.05	3485.875	5773.225
