hp	R	RL	PL	HL	IL	NL	L1	L2	L3	PL0	PL1	PL2	PL3	TL0	TL1	TL2	TL3
0	0.13167695	0.37806211	0.07612106	0.53734892	0.45454838	270.25483633	0.17632239	0.81184664	0.01183092	6473.35	717.28	2675.11	118.08	0.0	719.83	3866.24	5397.75
0.05	0.13062033	0.38725668	0.07691191	0.5462971	0.44822883	270.23022838	0.17736158	0.8089211	0.0137173	6436.88	718.14	2707.29	121.51	0.0	719.83	3866.24	5397.75
0.1	0.12960063	0.39665504	0.07767648	0.55530515	0.44156461	269.99800361	0.17812158	0.80546361	0.01641489	6401.62	718.7	2738.84	124.66	0.0	719.83	3866.24	5397.75
0.15	0.12863725	0.40521261	0.0783856	0.56443823	0.43459959	269.51149735	0.1786233	0.80129666	0.02007998	6368.92	719.09	2768.21	127.6	0.0	719.83	3866.24	5397.75
0.2	0.12774215	0.41313337	0.07899414	0.57296906	0.4273626	268.83316796	0.17902481	0.79629946	0.02467574	6340.86	719.51	2792.79	130.66	0.0	719.83	3866.24	5397.75
0.25	0.12693227	0.42014163	0.07950992	0.57997108	0.42010394	268.0672596	0.17934508	0.79116925	0.02948569	6317.07	719.61	2814.98	132.16	0.0	719.83	3866.24	5397.75
0.3	0.12622553	0.42675452	0.07996745	0.58582706	0.41275112	267.16635208	0.17951641	0.78613469	0.03434889	6295.97	719.65	2834.43	133.77	0.0	719.83	3866.24	5397.75
0.35	0.12564005	0.43250169	0.08035138	0.5908043	0.40529616	266.08254485	0.17947015	0.78104711	0.03948266	6278.27	719.68	2848.65	137.22	0.0	719.83	3866.24	5397.75
0.4	0.12518606	0.43749965	0.08062143	0.59495156	0.39763558	264.77870651	0.17887485	0.77585959	0.04526551	6265.81	719.69	2856.89	141.43	0.0	719.83	3866.24	5397.75
0.45	0.12488146	0.44170566	0.08077095	0.5982788	0.38986683	263.18915825	0.17745389	0.77062818	0.05191795	6258.92	719.69	2857.82	147.39	0.0	719.83	3866.24	5397.75
0.5	0.12474494	0.44507057	0.08078094	0.60053128	0.38207725	261.34341846	0.17539152	0.76537963	0.05922886	6258.46	719.69	2850.69	154.98	0.0	719.83	3866.24	5397.75
0.55	0.12478241	0.44690749	0.08058617	0.60116371	0.37445767	259.39300082	0.1734732	0.75972579	0.06680106	6267.44	719.69	2832.17	164.52	0.0	719.83	3866.24	5397.75
0.6	0.12501068	0.44818472	0.08022025	0.6000134	0.36698617	257.37589689	0.17206318	0.75325873	0.07467806	6284.32	719.69	2803.24	176.57	0.0	719.83	3866.24	5397.75
0.65	0.12543512	0.44807579	0.07964114	0.5972378	0.35984615	255.29767934	0.17096565	0.74614276	0.08289165	6311.02	719.67	2763.01	190.12	0.0	719.83	3866.24	5397.75
0.7	0.12604924	0.44685194	0.07886429	0.59287004	0.35303789	253.14038257	0.16982241	0.73855144	0.09162606	6346.85	719.67	2714.11	203.19	0.0	719.83	3866.24	5397.75
0.75	0.12685376	0.445	0.07793936	0.58728967	0.34658437	250.89078493	0.16853191	0.73052155	0.1009466	6389.51	719.66	2657.0	217.65	0.0	719.83	3866.24	5397.75
0.8	0.12784818	0.44270035	0.07687638	0.58079375	0.34052239	248.54671536	0.16707782	0.72195395	0.11096819	6438.52	719.62	2592.33	233.35	0.0	719.83	3866.24	5397.75
0.85	0.12902912	0.43964321	0.07569266	0.57364594	0.3349127	246.14655039	0.16539494	0.71305045	0.12155462	6493.11	719.58	2523.25	247.88	0.0	719.83	3866.24	5397.75
0.9	0.1303879	0.4360902	0.07440436	0.56600882	0.32972161	243.68735839	0.16355841	0.7037612	0.13268042	6552.53	719.5	2450.56	261.23	0.0	719.83	3866.24	5397.75
0.95	0.13190968	0.43171342	0.07297961	0.55775634	0.32495532	241.24262481	0.16163206	0.69438705	0.14398089	6618.24	719.33	2372.57	273.68	0.0	719.83	3866.24	5397.75
1	0.13357929	0.42727768	0.07152659	0.54932323	0.32061019	238.79588864	0.15955635	0.68494678	0.1554969	6685.24	718.95	2293.68	285.95	0.0	719.83	3866.24	5397.75
1.05	0.13538089	0.42288421	0.07007057	0.54093997	0.31674843	236.43319661	0.15749478	0.67546342	0.16704178	6752.38	718.46	2215.99	296.99	0.0	719.83	3866.24	5397.75
1.1	0.13729264	0.41847533	0.06867773	0.5328653	0.31330386	234.1553949	0.15552851	0.66606189	0.17840954	6816.61	717.9	2142.18	307.13	0.0	719.83	3866.24	5397.75
1.15	0.13930111	0.41406037	0.06726699	0.52519691	0.31024322	231.98123203	0.15373047	0.65674906	0.18952044	6881.67	717.3	2067.76	317.09	0.0	719.83	3866.24	5397.75
1.2	0.14138601	0.40937236	0.06587662	0.51782147	0.30751522	229.93721416	0.15217367	0.64766932	0.20015691	6945.79	716.68	1995.79	325.56	0.0	719.83	3866.24	5397.75
1.25	0.14353156	0.40518636	0.06458038	0.51102138	0.30510512	228.015242	0.15075567	0.63882331	0.21042102	7005.56	715.81	1928.29	334.16	0.0	719.83	3866.24	5397.75
1.3	0.1457184	0.40079873	0.06331006	0.50465944	0.30294231	226.21353953	0.14951603	0.63028844	0.22019553	7064.14	714.86	1863.83	340.99	0.0	719.83	3866.24	5397.75
1.35	0.14793129	0.39674429	0.06212899	0.49882316	0.30102879	224.52727504	0.14835822	0.6221892	0.22945261	7118.61	713.95	1804.34	346.92	0.0	719.83	3866.24	5397.75
1.4	0.15015826	0.39292505	0.06099824	0.49344379	0.29932307	222.95378959	0.14730751	0.61449136	0.23820102	7170.76	712.88	1747.58	352.6	0.0	719.83	3866.24	5397.75
1.45	0.15238036	0.38949237	0.05998827	0.4885786	0.29779956	221.49225218	0.14628949	0.60735655	0.24635396	7217.33	711.91	1697.11	357.47	0.0	719.83	3866.24	5397.75
1.5	0.15458111	0.38605979	0.05901361	0.48420075	0.2964238	220.11935414	0.14527278	0.60067572	0.25405153	7262.28	710.87	1648.95	361.72	0.0	719.83	3866.24	5397.75
1.55	0.15675223	0.38304124	0.05815521	0.480214	0.29518576	218.84601034	0.14430283	0.59449312	0.26120407	7301.86	709.77	1606.27	365.92	0.0	719.83	3866.24	5397.75
1.6	0.15887589	0.38029722	0.05738029	0.4766221	0.29405523	217.65306678	0.14336314	0.58871955	0.26791726	7337.6	708.87	1567.9	369.45	0.0	719.83	3866.24	5397.75
1.65	0.16094158	0.37783364	0.05668987	0.47340215	0.29301667	216.52862271	0.14243289	0.58331006	0.27425705	7369.44	707.73	1533.23	373.42	0.0	719.83	3866.24	5397.75
1.7	0.16294814	0.37555138	0.05607825	0.47045943	0.29206089	215.4746577	0.14153801	0.57820765	0.28025431	7397.64	706.61	1502.94	376.63	0.0	719.83	3866.24	5397.75
1.75	0.16488331	0.37347539	0.05551821	0.46776856	0.29117758	214.48598177	0.14066275	0.57349775	0.28583944	7423.47	705.32	1475.34	379.69	0.0	719.83	3866.24	5397.75
1.8	0.1667421	0.37164851	0.05501679	0.46527118	0.29035542	213.55966493	0.13985938	0.56902185	0.29111874	7446.59	704.11	1450.84	382.28	0.0	719.83	3866.24	5397.75
1.85	0.16852678	0.36963904	0.05454726	0.46297418	0.28959316	212.69270246	0.13908142	0.56488478	0.29603376	7468.24	702.85	1428.35	384.38	0.0	719.83	3866.24	5397.75
1.9	0.17023649	0.3680354	0.05411211	0.46088709	0.28887384	211.86217627	0.13831539	0.5609858	0.30069886	7488.31	701.59	1407.53	386.39	0.0	719.83	3866.24	5397.75
1.95	0.17187089	0.36636996	0.05370642	0.45893785	0.28820052	211.08557581	0.13759131	0.5572852	0.30512341	7507.02	700.23	1388.26	388.31	0.0	719.83	3866.24	5397.75
2	0.17342888	0.36487906	0.05334796	0.45720911	0.28756377	210.34286085	0.13687552	0.55383438	0.30929012	7523.55	698.88	1371.31	390.08	0.0	719.83	3866.24	5397.75
