hp	R	RL	PL	HL	IL	NL	L1	L2	L3	PL0	PL1	PL2	PL3	TL0	TL1	TL2	TL3
0	0.123747425	0.263281025	0.122963025	0.66961395	0.49869855	315.803218475	0.363525975	0.632526525	0.00394745	7714.4	680.925	1558.425	25.4	0.0	720.05	3485.875	5773.225
0.05	0.12318695	0.266956525	0.123786325	0.6744526	0.495522975	315.664803875	0.363983325	0.631405125	0.004611625	7699.225	684.975	1567.65	27.3	0.0	720.05	3485.875	5773.225
0.1	0.1226341	0.270564525	0.1245804	0.679181325	0.492301125	315.4571076	0.3641464	0.630353925	0.00549975	7684.6	688.675	1576.7	29.175	0.0	720.05	3485.875	5773.225
0.15	0.1220893	0.2743786	0.12540605	0.683788825	0.489073525	315.198413325	0.364109325	0.62936505	0.006525625	7669.4	691.85	1585.9	32.0	0.0	720.05	3485.875	5773.225
0.2	0.121554375	0.2772417	0.12604925	0.6880898	0.485880075	314.914649975	0.364013825	0.6283112	0.007675025	7657.55	695.0	1592.925	33.675	0.0	720.05	3485.875	5773.225
0.25	0.121027425	0.280353125	0.1266888	0.692183525	0.4825756	314.629434	0.36390515	0.62706125	0.00903365	7645.775	697.675	1599.225	36.475	0.0	720.05	3485.875	5773.225
0.3	0.12051145	0.28289045	0.12722285	0.696150475	0.479260325	314.28536715	0.363539325	0.625937175	0.0105236	7635.95	699.775	1604.625	38.8	0.0	720.05	3485.875	5773.225
0.35	0.120010325	0.2853589	0.12777795	0.699785625	0.475934975	313.939110575	0.363176025	0.6245877	0.012236175	7625.725	702.175	1609.7	41.55	0.0	720.05	3485.875	5773.225
0.4	0.1195295	0.287827475	0.128261275	0.70323205	0.4725491	313.563588325	0.36266705	0.62328335	0.01404955	7616.825	704.375	1613.95	44.0	0.0	720.05	3485.875	5773.225
0.45	0.119065875	0.289830175	0.128617125	0.706408975	0.46917165	313.156865025	0.361876975	0.622051975	0.016071075	7610.275	706.025	1616.925	45.925	0.0	720.05	3485.875	5773.225
0.5	0.11862275	0.292735425	0.129208725	0.70946225	0.4657554	312.690139075	0.360894825	0.620958325	0.018146925	7599.375	707.975	1623.6	48.2	0.0	720.05	3485.875	5773.225
0.55	0.11820195	0.29452105	0.12951045	0.7121153	0.462426975	312.21889185	0.35987265	0.6199961	0.02013125	7593.825	709.3	1625.825	50.2	0.0	720.05	3485.875	5773.225
0.6	0.1178034	0.296823425	0.12996615	0.714489675	0.459016475	311.709985375	0.358679775	0.619088075	0.02223225	7585.425	710.775	1630.625	52.325	0.0	720.05	3485.875	5773.225
0.65	0.11742685	0.298547275	0.130263375	0.71669055	0.45555415	311.1397587	0.35727335	0.618495575	0.024231125	7579.95	712.15	1632.575	54.475	0.0	720.05	3485.875	5773.225
0.7	0.117082025	0.299844725	0.13038655	0.71845055	0.45200975	310.557995775	0.3559	0.61783005	0.026269875	7577.675	713.0	1631.85	56.625	0.0	720.05	3485.875	5773.225
0.75	0.11676735	0.30144865	0.1306275	0.719889175	0.44858775	309.953063375	0.354402175	0.617372725	0.02822515	7573.25	714.125	1633.25	58.525	0.0	720.05	3485.875	5773.225
0.8	0.11648055	0.30274085	0.13073325	0.720947275	0.445177425	309.316883625	0.35267105	0.617090425	0.0302386	7571.3	714.6	1632.225	61.025	0.0	720.05	3485.875	5773.225
0.85	0.116228475	0.3040093	0.13073895	0.721490575	0.4418721	308.68653365	0.350831125	0.61696175	0.032207125	7571.2	715.05	1629.5	63.4	0.0	720.05	3485.875	5773.225
0.9	0.116011725	0.304909275	0.13070515	0.7216935	0.438637375	308.032612675	0.34900445	0.616906175	0.034089375	7571.825	715.825	1625.925	65.575	0.0	720.05	3485.875	5773.225
0.95	0.115833475	0.305787325	0.130621025	0.721553525	0.43545525	307.350125975	0.3469645	0.61707185	0.0359637	7573.375	716.1	1621.675	68.0	0.0	720.05	3485.875	5773.225
1	0.115694025	0.305720575	0.130246725	0.720907175	0.43230605	306.6685605	0.3448025	0.6173184	0.03787915	7580.275	716.15	1611.85	70.875	0.0	720.05	3485.875	5773.225
