hp	R	RL	PL	HL	IL	NL	L1	L2	L3	PL0	PL1	PL2	PL3	TL0	TL1	TL2	TL3
2	0.17342888	0.36487906	0.05334796	0.45720911	0.28756377	210.34286085	0.13687552	0.55383438	0.30929012	7523.55	698.88	1371.31	390.08	0.0	719.83	3866.24	5397.75
2.25	0.18018043	0.35863196	0.05191074	0.45051676	0.28484244	207.17008507	0.1338165	0.53927169	0.32691176	7589.83	691.89	1305.28	396.82	0.0	719.83	3866.24	5397.75
2.5	0.18549922	0.35417924	0.05093515	0.44658974	0.28260789	204.63389693	0.13122527	0.52846765	0.34030713	7634.83	685.25	1261.78	401.96	0.0	719.83	3866.24	5397.75
2.75	0.18974357	0.35041943	0.05017267	0.44462776	0.28059381	202.50884241	0.1289909	0.52010943	0.35089972	7669.99	678.7	1229.88	405.25	0.0	719.83	3866.24	5397.75
3	0.19318959	0.34677666	0.04949697	0.44420305	0.27864676	200.6355226	0.12699134	0.51345641	0.35955225	7701.15	672.59	1202.32	407.76	0.0	719.83	3866.24	5397.75
3.25	0.19604451	0.3436176	0.0489355	0.44491353	0.27669349	198.95020429	0.12515612	0.50812429	0.36671956	7727.04	666.86	1180.39	409.53	0.0	719.83	3866.24	5397.75
3.5	0.19845072	0.34083631	0.04846167	0.44638023	0.2747002	197.37091452	0.12339719	0.50373066	0.3728721	7748.9	661.24	1163.22	410.46	0.0	719.83	3866.24	5397.75
3.75	0.20051963	0.33807177	0.04802508	0.44817345	0.27264893	195.8456577	0.12170285	0.49988359	0.37841355	7769.05	655.32	1148.27	411.18	0.0	719.83	3866.24	5397.75
4	0.20231733	0.33530161	0.04760256	0.45006175	0.27056468	194.37689245	0.12003198	0.49648633	0.38348164	7788.54	649.54	1135.18	410.56	0.0	719.83	3866.24	5397.75
4.25	0.2039013	0.33251341	0.04719867	0.45182052	0.26844273	192.9349442	0.11836456	0.49337474	0.38826069	7807.17	643.28	1123.54	409.83	0.0	719.83	3866.24	5397.75
4.5	0.20530967	0.32998096	0.04680147	0.45343862	0.26631706	191.53222653	0.11669267	0.49057392	0.39273346	7825.5	636.74	1113.07	408.51	0.0	719.83	3866.24	5397.75
4.75	0.20657456	0.3272054	0.04640875	0.4548587	0.26417614	190.14555059	0.1150501	0.48787298	0.39707698	7843.62	629.9	1103.16	407.14	0.0	719.83	3866.24	5397.75
