hp	R	RL	PL	HL	IL	NL	L1	L2	L3	PL0	PL1	PL2	PL3	TL0	TL1	TL2	TL3
0	0.13167695	0.37806211	0.07612106	0.53734892	0.45454838	270.25483633	0.17632239	0.81184664	0.01183092	6473.35	717.28	2675.11	118.08	0.0	719.83	3866.24	5397.75
0.05	0.13029528	0.3842825	0.07699089	0.54749157	0.45455	268.54245622	0.17428953	0.81018533	0.01552518	6433.23	715.08	2693.87	141.64	0.0	719.83	3866.24	5397.75
0.1	0.12878178	0.39113851	0.077951	0.5592871	0.45430908	266.43855672	0.17159806	0.8079722	0.02042975	6388.94	711.64	2712.53	170.71	0.0	719.83	3866.24	5397.75
0.15	0.12712357	0.39912146	0.07900351	0.57286217	0.45378195	263.89128629	0.1683833	0.80473366	0.02688316	6340.4	707.67	2730.67	205.08	0.0	719.83	3866.24	5397.75
0.2	0.12530906	0.40776458	0.08018167	0.588413	0.4530065	260.74800832	0.16423544	0.8005989	0.03516569	6286.07	701.36	2751.1	245.29	0.0	719.83	3866.24	5397.75
0.25	0.12333863	0.41667279	0.08136956	0.60589807	0.45183256	256.97251027	0.15916753	0.79527532	0.04555716	6231.28	691.41	2767.77	293.36	0.0	719.83	3866.24	5397.75
0.3	0.12122831	0.4268196	0.08265761	0.6259391	0.44998683	252.3573188	0.15302417	0.78761356	0.05936227	6171.87	676.62	2778.31	357.02	0.0	719.83	3866.24	5397.75
0.35	0.11901679	0.43840254	0.08414641	0.64936293	0.44719648	246.4746354	0.14487079	0.7766995	0.07842966	6103.22	656.07	2783.61	440.92	0.0	719.83	3866.24	5397.75
0.4	0.11684921	0.45130359	0.08579176	0.67704656	0.44285506	239.0060136	0.1344102	0.76062074	0.10496908	6027.33	633.01	2775.57	547.91	0.0	719.83	3866.24	5397.75
0.45	0.11504978	0.46520333	0.0874762	0.71024705	0.43601646	228.98972826	0.1204248	0.73649561	0.14307953	5949.64	606.03	2753.7	674.45	0.0	719.83	3866.24	5397.75
0.5	0.11440121	0.47679036	0.08878812	0.75053857	0.42601316	214.41667619	0.10082075	0.698821	0.20035827	5889.14	569.36	2704.5	820.82	0.0	719.83	3866.24	5397.75
0.55	0.11661726	0.47698814	0.08840801	0.79849115	0.41287657	192.48069525	0.07502587	0.63749376	0.28748036	5906.66	504.82	2595.69	976.65	0.0	719.83	3866.24	5397.75
0.6	0.12536714	0.44493476	0.08217967	0.85165166	0.39878352	160.73065702	0.04790731	0.53468104	0.41741169	6193.9	375.46	2335.68	1078.78	0.0	719.83	3866.24	5397.75
0.65	0.14627778	0.36365457	0.06632094	0.89777617	0.39127076	119.1736208	0.02447315	0.38687257	0.5886543	6925.29	215.31	1796.63	1046.59	0.0	719.83	3866.24	5397.75
0.7	0.18514073	0.24062397	0.04021398	0.90965142	0.39625443	73.98189505	0.00884944	0.22185091	0.76929969	8129.26	88.17	976.24	790.15	0.0	719.83	3866.24	5397.75
0.75	0.24219863	0.11684379	0.01675189	0.87794638	0.42063934	36.64202905	0.0017595	0.09168693	0.90655355	9211.27	19.76	327.28	425.51	0.0	719.83	3866.24	5397.75
0.8	0.31045701	0.04166332	0.00520251	0.82817163	0.45066139	14.8320448	0.00014677	0.02421695	0.97563627	9743.9	2.2	63.13	174.59	0.0	719.83	3866.24	5397.75
0.85	0.38080496	0.01314682	0.00167414	0.78658698	0.47964531	5.55586917	6.3e-07	0.00327976	0.99671961	9906.62	0.02	6.2	70.98	0.0	719.83	3866.24	5397.75
0.9	0.44509341	0.00580268	0.00082276	0.75991698	0.50360607	2.74041377	0.0	0.00010895	0.99989105	9945.88	0.0	0.23	37.71	0.0	719.83	3866.24	5397.75
0.95	0.4992247	0.00378456	0.00059122	0.7460846	0.51768031	2.11977705	0.0	2.75e-06	0.99999725	9956.56	0.0	0.0	27.26	0.0	719.83	3866.24	5397.75
1	0.54280017	0.00307257	0.00051221	0.73817369	0.52471273	1.92590141	0.0	2.75e-06	0.99999725	9960.2	0.0	0.0	23.62	0.0	719.83	3866.24	5397.75
1.05	0.57730959	0.00269462	0.0004661	0.73366454	0.5305783	1.83399658	0.0	2.75e-06	0.99999725	9962.33	0.0	0.0	21.49	0.0	719.83	3866.24	5397.75
1.1	0.6045825	0.00242386	0.00043702	0.73105163	0.53419972	1.78225411	0.0	2.75e-06	0.99999725	9963.67	0.0	0.0	20.15	0.0	719.83	3866.24	5397.75
1.15	0.62620575	0.00230137	0.0004205	0.72949299	0.53659972	1.75049157	0.0	2.54e-06	0.99999746	9964.43	0.0	0.0	19.39	0.0	719.83	3866.24	5397.75
1.2	0.64346022	0.00219734	0.0004094	0.72860316	0.53844805	1.72998811	0.0	2.33e-06	0.99999767	9964.94	0.0	0.0	18.88	0.0	719.83	3866.24	5397.75
1.25	0.65732749	0.002143	0.00040484	0.72819289	0.53938069	1.71585706	0.0	2.33e-06	0.99999767	9965.15	0.0	0.0	18.67	0.0	719.83	3866.24	5397.75
1.3	0.66852761	0.00208531	0.00039948	0.72812569	0.54065615	1.70646662	0.0	2.33e-06	0.99999767	9965.4	0.0	0.0	18.42	0.0	719.83	3866.24	5397.75
1.35	0.67763467	0.00200773	0.0003923	0.72824215	0.54172978	1.70036756	0.0	2.33e-06	0.99999767	9965.73	0.0	0.0	18.09	0.0	719.83	3866.24	5397.75
1.4	0.68509882	0.00198145	0.00038949	0.7284762	0.54210206	1.69610816	0.0	2.33e-06	0.99999767	9965.86	0.0	0.0	17.96	0.0	719.83	3866.24	5397.75
1.45	0.691257	0.00195012	0.00038947	0.72887544	0.5424468	1.69406411	0.0	2.33e-06	0.99999767	9965.86	0.0	0.0	17.96	0.0	719.83	3866.24	5397.75
1.5	0.69637106	0.00193171	0.0003864	0.72930956	0.54288483	1.69260938	0.0	2.33e-06	0.99999767	9966.0	0.0	0.0	17.82	0.0	719.83	3866.24	5397.75
1.55	0.70065242	0.00190115	0.00038448	0.72976774	0.54338247	1.69223161	0.0	2.54e-06	0.99999746	9966.09	0.0	0.0	17.73	0.0	719.83	3866.24	5397.75
1.6	0.70425931	0.00187914	0.00038083	0.73016655	0.54369104	1.69189866	0.0	2.54e-06	0.99999746	9966.26	0.0	0.0	17.56	0.0	719.83	3866.24	5397.75
1.65	0.7073172	0.00186806	0.00038104	0.73057711	0.54399332	1.6921095	0.0	2.54e-06	0.99999746	9966.25	0.0	0.0	17.57	0.0	719.83	3866.24	5397.75
1.7	0.70992927	0.00183709	0.00037715	0.73084613	0.54426934	1.69197797	0.0	2.54e-06	0.99999746	9966.43	0.0	0.0	17.39	0.0	719.83	3866.24	5397.75
1.75	0.7121746	0.00181196	0.0003752	0.73099086	0.54422432	1.69099872	0.0	2.54e-06	0.99999746	9966.52	0.0	0.0	17.3	0.0	719.83	3866.24	5397.75
1.8	0.71411806	0.00180418	0.00037496	0.73141773	0.54452638	1.69207321	0.0	2.75e-06	0.99999725	9966.53	0.0	0.0	17.29	0.0	719.83	3866.24	5397.75
1.85	0.71581849	0.00179683	0.00037339	0.73179191	0.54451354	1.69340361	0.0	2.75e-06	0.99999725	9966.6	0.0	0.0	17.22	0.0	719.83	3866.24	5397.75
1.9	0.71730614	0.00178984	0.0003743	0.73216566	0.54437715	1.69494805	0.0	2.75e-06	0.99999725	9966.56	0.0	0.0	17.26	0.0	719.83	3866.24	5397.75
1.95	0.71862148	0.00176615	0.00037041	0.73255456	0.544404	1.69662841	0.0	2.97e-06	0.99999703	9966.74	0.0	0.0	17.08	0.0	719.83	3866.24	5397.75
2	0.71978915	0.00175525	0.00036993	0.73293689	0.54433571	1.69811724	0.0	3.18e-06	0.99999682	9966.76	0.0	0.0	17.06	0.0	719.83	3866.24	5397.75
