hp	R	RL	PL	HL	IL	NL	L1	L2	L3	PL0	PL1	PL2	PL3	TL0	TL1	TL2	TL3
0	0.12381534	0.4070361	0.08032958	0.5736887	0.44816514	265.2932025	0.17273848	0.80019136	0.0270702	6277.96	712.46	2777.0	211.16	0.0	719.34	3870.76	5388.48
0.05	0.12325546	0.41150376	0.08075346	0.57856018	0.44524566	265.15115968	0.1733913	0.79780156	0.02880724	6258.44	713.48	2793.84	212.82	0.0	719.34	3870.76	5388.48
0.1	0.12270184	0.41564118	0.08114458	0.58337326	0.44225102	264.97832028	0.17406658	0.79515712	0.0307762	6240.42	714.38	2809.84	213.94	0.0	719.34	3870.76	5388.48
0.15	0.12215678	0.41986902	0.08154916	0.58825684	0.43916862	264.75489546	0.17468298	0.79243818	0.03287892	6221.78	715.34	2825.5	215.96	0.0	719.34	3870.76	5388.48
0.2	0.12162028	0.42438388	0.08196424	0.59302398	0.43601582	264.50457816	0.17527718	0.78964836	0.03507442	6202.66	716.18	2841.96	217.78	0.0	719.34	3870.76	5388.48
0.25	0.12109152	0.42855044	0.08233806	0.59766934	0.43279914	264.21647634	0.175832	0.78677368	0.03739424	6185.44	717.04	2856.48	219.62	0.0	719.34	3870.76	5388.48
0.3	0.1205748	0.43235184	0.08269282	0.6021787	0.42952858	263.89170572	0.1763003	0.78389518	0.03980454	6169.1	717.6	2870.24	221.64	0.0	719.34	3870.76	5388.48
0.35	0.12007376	0.43650846	0.08307572	0.60652804	0.42626856	263.5195427	0.17668036	0.78102562	0.04229398	6151.46	717.92	2886.22	222.98	0.0	719.34	3870.76	5388.48
0.4	0.11959144	0.44015424	0.08339402	0.61064256	0.42301738	263.11707994	0.17700952	0.7781535	0.04483696	6136.8	718.16	2898.94	224.68	0.0	719.34	3870.76	5388.48
0.45	0.11912722	0.4436116	0.08371868	0.61460838	0.41970976	262.66249624	0.17720636	0.77531028	0.04748328	6121.84	718.3	2911.98	226.46	0.0	719.34	3870.76	5388.48
0.5	0.11868206	0.44675804	0.08400262	0.61833964	0.41637486	262.1694991	0.17731412	0.77244756	0.05023842	6108.76	718.44	2923.64	227.74	0.0	719.34	3870.76	5388.48
0.55	0.11825936	0.45003378	0.08428572	0.62175442	0.4130316	261.65496792	0.17727804	0.76978068	0.05294124	6095.72	718.64	2935.24	228.98	0.0	719.34	3870.76	5388.48
0.6	0.11785854	0.45293044	0.08456856	0.62496044	0.40966776	261.09623502	0.17711986	0.76707746	0.0558028	6082.68	718.74	2945.76	231.4	0.0	719.34	3870.76	5388.48
0.65	0.11748196	0.45575844	0.08481348	0.62800614	0.4062436	260.48285722	0.17681742	0.76434148	0.0588411	6071.4	718.82	2954.78	233.58	0.0	719.34	3870.76	5388.48
0.7	0.11713494	0.45837456	0.08502086	0.6308166	0.40279472	259.82876864	0.1763485	0.76169838	0.06195294	6061.86	718.94	2962.76	235.02	0.0	719.34	3870.76	5388.48
0.75	0.11681868	0.46097794	0.0852305	0.6333895	0.39925978	259.12574804	0.17575316	0.75900532	0.06524154	6052.2	719.0	2969.28	238.1	0.0	719.34	3870.76	5388.48
0.8	0.11653124	0.46353492	0.08540492	0.63573252	0.39573578	258.37664178	0.17501974	0.75637032	0.06860996	6044.16	719.06	2973.74	241.62	0.0	719.34	3870.76	5388.48
0.85	0.11627844	0.46572922	0.08556134	0.6378565	0.39225066	257.58478864	0.17417942	0.75374334	0.07207728	6036.96	719.16	2977.4	245.06	0.0	719.34	3870.76	5388.48
0.9	0.1160594	0.46781406	0.08568566	0.63967634	0.38874514	256.76395878	0.17328062	0.75110956	0.07560976	6031.24	719.18	2980.1	248.06	0.0	719.34	3870.76	5388.48
0.95	0.1158781	0.46982252	0.0857889	0.64104442	0.3852671	255.94360892	0.1724377	0.74838388	0.0791782	6026.48	719.18	2982.0	250.92	0.0	719.34	3870.76	5388.48
1	0.11573722	0.47149034	0.08585584	0.64204722	0.3817732	255.10751046	0.1716361	0.74554696	0.08281704	6023.4	719.22	2981.04	254.92	0.0	719.34	3870.76	5388.48
