hp	R	RL	PL	HL	IL	NL	L1	L2	L3	PL0	PL1	PL2	PL3	TL0	TL1	TL2	TL3
0	0.13818465	0.06088025	0.034612625	0.88872475	0.134886	31.791845125	0.005493025	0.05839745	0.93610955	9341.675	43.75	258.75	334.975	0.0	720.05	3485.875	5773.225
0.05	0.13818465	0.06088025	0.034612625	0.88872635	0.1348709	31.79184645	0.005493025	0.05839745	0.93610955	9341.675	43.75	258.75	334.975	0.0	720.05	3485.875	5773.225
0.1	0.13818465	0.06088025	0.034612625	0.888726125	0.134874	31.791845125	0.005493025	0.05839745	0.93610955	9341.675	43.75	258.75	334.975	0.0	720.05	3485.875	5773.225
0.15	0.13818465	0.06088025	0.034612625	0.88872645	0.134875575	31.791845125	0.005493025	0.05839745	0.93610955	9341.675	43.75	258.75	334.975	0.0	720.05	3485.875	5773.225
0.2	0.138184625	0.06088025	0.034612625	0.88872	0.134868575	31.7918438	0.005493025	0.05839745	0.93610955	9341.675	43.75	258.75	334.975	0.0	720.05	3485.875	5773.225
0.25	0.13818465	0.06088025	0.034612625	0.8887236	0.134866775	31.791845125	0.005493025	0.05839745	0.93610955	9341.675	43.75	258.75	334.975	0.0	720.05	3485.875	5773.225
0.3	0.13818465	0.06088025	0.034612625	0.8887257	0.1348673	31.79184645	0.005493025	0.05839745	0.93610955	9341.675	43.75	258.75	334.975	0.0	720.05	3485.875	5773.225
0.35	0.13818465	0.06088025	0.034612625	0.888723525	0.13487865	31.791845125	0.005493025	0.05839745	0.93610955	9341.675	43.75	258.75	334.975	0.0	720.05	3485.875	5773.225
0.4	0.13818465	0.06088025	0.034612625	0.888722025	0.134872825	31.79184645	0.005493025	0.05839745	0.93610955	9341.675	43.75	258.75	334.975	0.0	720.05	3485.875	5773.225
0.45	0.13818465	0.06088025	0.034612625	0.888723725	0.1348733	31.7918438	0.005493025	0.05839745	0.93610955	9341.675	43.75	258.75	334.975	0.0	720.05	3485.875	5773.225
0.5	0.13818465	0.06088025	0.034612625	0.888723475	0.134875225	31.7918438	0.005493025	0.05839745	0.93610955	9341.675	43.75	258.75	334.975	0.0	720.05	3485.875	5773.225
0.55	0.13818465	0.06088025	0.034612625	0.888728525	0.1348752	31.791845125	0.005493025	0.05839745	0.93610955	9341.675	43.75	258.75	334.975	0.0	720.05	3485.875	5773.225
0.6	0.13818465	0.06088025	0.034612625	0.88872335	0.13487635	31.791845125	0.005493025	0.05839745	0.93610955	9341.675	43.75	258.75	334.975	0.0	720.05	3485.875	5773.225
0.65	0.13818465	0.06088025	0.034612625	0.8887261	0.1348747	31.791845125	0.005493025	0.05839745	0.93610955	9341.675	43.75	258.75	334.975	0.0	720.05	3485.875	5773.225
0.7	0.13818465	0.06088025	0.034612625	0.888721425	0.13487985	31.791845125	0.005493025	0.05839745	0.93610955	9341.675	43.75	258.75	334.975	0.0	720.05	3485.875	5773.225
0.75	0.13818465	0.06088025	0.034612625	0.88872575	0.13487865	31.7918438	0.005493025	0.05839745	0.93610955	9341.675	43.75	258.75	334.975	0.0	720.05	3485.875	5773.225
0.8	0.13818465	0.06088025	0.034612625	0.88872225	0.13487455	31.791845125	0.005493025	0.05839745	0.93610955	9341.675	43.75	258.75	334.975	0.0	720.05	3485.875	5773.225
0.85	0.13818465	0.06088025	0.034612625	0.888724075	0.134879525	31.7918438	0.005493025	0.05839745	0.93610955	9341.675	43.75	258.75	334.975	0.0	720.05	3485.875	5773.225
0.9	0.138184625	0.06088025	0.034612625	0.88872275	0.1348753	31.791845125	0.005493025	0.05839745	0.93610955	9341.675	43.75	258.75	334.975	0.0	720.05	3485.875	5773.225
0.95	0.13818465	0.06088025	0.034612625	0.888724375	0.13487735	31.791845125	0.005493025	0.05839745	0.93610955	9341.675	43.75	258.75	334.975	0.0	720.05	3485.875	5773.225
1	0.138184625	0.06088025	0.034612625	0.888723925	0.13487845	31.79184645	0.005493025	0.05839745	0.93610955	9341.675	43.75	258.75	334.975	0.0	720.05	3485.875	5773.225
