hp	R	RL	PL	HL	IL	NL	L1	L2	L3	PL0	PL1	PL2	PL3	TL0	TL1	TL2	TL3
0	0.13148765	0.2418036	0.115753425	0.628253475	0.5042091	323.544183475	0.390465225	0.60905215	0.0004823	7847.2	689.075	1438.4	4.475	0.0	720.05	3485.875	5773.225
0.05	0.130105625	0.246438025	0.117426925	0.64163655	0.504877675	320.48497615	0.378117725	0.621060425	0.00082155	7816.375	680.7	1474.675	7.4	0.0	720.05	3485.875	5773.225
0.1	0.128592525	0.2521736	0.119316025	0.656485925	0.50547275	316.92363595	0.363751325	0.634818325	0.001430425	7781.575	669.7	1515.85	12.025	0.0	720.05	3485.875	5773.225
0.15	0.126934125	0.258685875	0.121444475	0.673085325	0.5060577	312.651542975	0.3468293	0.65029035	0.00288035	7742.375	656.0	1560.4	20.375	0.0	720.05	3485.875	5773.225
0.2	0.12511965	0.26598585	0.123913025	0.69172025	0.5062842	307.588650575	0.32724015	0.6667909	0.00596895	7696.9	640.2	1606.6	35.45	0.0	720.05	3485.875	5773.225
0.25	0.1231521	0.27340895	0.126350675	0.7121781	0.5057238	301.83755965	0.305898675	0.6824404	0.01166085	7652.0	623.175	1647.75	56.225	0.0	720.05	3485.875	5773.225
0.3	0.121039675	0.28178305	0.128977575	0.734504475	0.504422225	295.0170613	0.281951275	0.69702945	0.021019375	7603.625	603.175	1688.15	84.2	0.0	720.05	3485.875	5773.225
0.35	0.11882595	0.291069475	0.1316649	0.757959525	0.502128425	287.050787375	0.25541755	0.709831625	0.03475075	7554.125	578.975	1723.8	122.25	0.0	720.05	3485.875	5773.225
0.4	0.116660375	0.302034375	0.134710425	0.783747775	0.4985292	276.915400275	0.2241305	0.72114005	0.054729525	7498.025	551.85	1752.95	176.325	0.0	720.05	3485.875	5773.225
0.45	0.114866925	0.3124085	0.1375881	0.812169525	0.492529225	263.62539635	0.18847695	0.72581925	0.085703775	7445.025	513.4	1770.6	250.125	0.0	720.05	3485.875	5773.225
0.5	0.11424105	0.320047025	0.139412925	0.843909825	0.484206775	244.907991775	0.148308625	0.712969175	0.1387221	7411.425	457.925	1759.225	350.575	0.0	720.05	3485.875	5773.225
0.55	0.116469775	0.3152812	0.136903275	0.878829875	0.47352	217.683376225	0.105270375	0.66448565	0.2302439	7457.65	363.775	1684.675	473.05	0.0	720.05	3485.875	5773.225
0.6	0.1252565	0.276597125	0.122203075	0.916048575	0.4736173	175.348604125	0.06185835	0.5499709	0.3881707	7728.425	238.9	1440.4	571.425	0.0	720.05	3485.875	5773.225
0.65	0.14622045	0.204935225	0.08998635	0.94279015	0.489086525	123.553233025	0.027852625	0.38217525	0.5899722	8321.8	120.4	971.075	565.875	0.0	720.05	3485.875	5773.225
0.7	0.185173875	0.114458125	0.04572055	0.9435433	0.537798575	69.426019325	0.0079891	0.198654525	0.793356275	9137.075	37.625	425.375	379.075	0.0	720.05	3485.875	5773.225
0.75	0.2423224	0.0445362	0.015098925	0.916937875	0.604528125	30.5631998	0.0012806	0.071752325	0.9269671	9701.075	6.075	109.125	162.875	0.0	720.05	3485.875	5773.225
0.8	0.310644325	0.01167575	0.003739275	0.884386675	0.660552375	10.578250225	5.6975e-05	0.015511625	0.984431375	9910.3	0.4	16.425	52.025	0.0	720.05	3485.875	5773.225
0.85	0.3810281	0.002921775	0.001018325	0.8610125	0.699395975	3.356940575	0.0	0.00155645	0.99844355	9960.4	0.0	0.875	17.875	0.0	720.05	3485.875	5773.225
0.9	0.4453269	0.001261225	0.000490175	0.84864655	0.721577125	1.65212755	0.0	2.2525e-05	0.999977475	9970.125	0.0	0.0	9.025	0.0	720.05	3485.875	5773.225
0.95	0.4994525	0.000848	0.000372175	0.842553275	0.730806325	1.392136625	0.0	0.0	1.0	9972.3	0.0	0.0	6.85	0.0	720.05	3485.875	5773.225
1	0.543063225	0.000769475	0.0003409	0.8384174	0.732741975	1.32514455	0.0	0.0	1.0	9972.875	0.0	0.0	6.275	0.0	720.05	3485.875	5773.225
1.05	0.5775993	0.000709575	0.0003232	0.836116675	0.730728875	1.294885975	0.0	0.0	1.0	9973.2	0.0	0.0	5.95	0.0	720.05	3485.875	5773.225
1.1	0.604893025	0.000634125	0.000313525	0.834902575	0.72814535	1.279846225	0.0	0.0	1.0	9973.375	0.0	0.0	5.775	0.0	720.05	3485.875	5773.225
1.15	0.6265325	0.0006126	0.00030145	0.834272475	0.7255454	1.2718027	0.0	0.0	1.0	9973.6	0.0	0.0	5.55	0.0	720.05	3485.875	5773.225
1.2	0.643785825	0.000570125	0.00028515	0.834012375	0.7233524	1.267678975	0.0	0.0	1.0	9973.9	0.0	0.0	5.25	0.0	720.05	3485.875	5773.225
1.25	0.6576484	0.00060025	0.00029585	0.833975525	0.721154525	1.265792675	0.0	0.0	1.0	9973.7	0.0	0.0	5.45	0.0	720.05	3485.875	5773.225
1.3	0.6688428	0.000561175	0.0002891	0.834070975	0.71928595	1.2653208	0.0	0.0	1.0	9973.825	0.0	0.0	5.325	0.0	720.05	3485.875	5773.225
1.35	0.67794565	0.000565925	0.00028775	0.834312925	0.717890275	1.26576085	0.0	0.0	1.0	9973.85	0.0	0.0	5.3	0.0	720.05	3485.875	5773.225
1.4	0.685406875	0.000545825	0.000284975	0.8346873	0.716562775	1.267261375	0.0	0.0	1.0	9973.9	0.0	0.0	5.25	0.0	720.05	3485.875	5773.225
1.45	0.691557375	0.00057315	0.0002864	0.834969575	0.715520275	1.26935845	0.0	0.0	1.0	9973.875	0.0	0.0	5.275	0.0	720.05	3485.875	5773.225
1.5	0.69666785	0.000572875	0.000289075	0.835233075	0.71424465	1.27133485	0.0	0.0	1.0	9973.825	0.0	0.0	5.325	0.0	720.05	3485.875	5773.225
1.55	0.70094155	0.00056095	0.00028915	0.8355862	0.7129475	1.2740296	0.0	0.0	1.0	9973.825	0.0	0.0	5.325	0.0	720.05	3485.875	5773.225
1.6	0.704547625	0.000568575	0.0002864	0.835833325	0.711966625	1.27570395	0.0	0.0	1.0	9973.875	0.0	0.0	5.275	0.0	720.05	3485.875	5773.225
1.65	0.707599775	0.00056775	0.00028905	0.836160425	0.711088425	1.27803285	0.0	0.0	1.0	9973.825	0.0	0.0	5.325	0.0	720.05	3485.875	5773.225
1.7	0.710206375	0.0005919	0.000310825	0.83643135	0.710642875	1.2801445	0.0	0.0	1.0	9973.425	0.0	0.0	5.725	0.0	720.05	3485.875	5773.225
1.75	0.7124488	0.000577825	0.00030265	0.836610875	0.7100791	1.28146075	0.0	0.0	1.0	9973.575	0.0	0.0	5.575	0.0	720.05	3485.875	5773.225
1.8	0.71438825	0.000603425	0.0002986	0.83688355	0.709378675	1.28398995	0.0	0.0	1.0	9973.65	0.0	0.0	5.5	0.0	720.05	3485.875	5773.225
1.85	0.716084175	0.00057575	0.000286375	0.8371522	0.708831875	1.285861625	0.0	0.0	1.0	9973.875	0.0	0.0	5.275	0.0	720.05	3485.875	5773.225
1.9	0.717566	0.000612375	0.00029305	0.837356325	0.708347725	1.2879215	0.0	0.0	1.0	9973.75	0.0	0.0	5.4	0.0	720.05	3485.875	5773.225
1.95	0.71887675	0.000584625	0.000299875	0.837544075	0.707655875	1.289949625	0.0	0.0	1.0	9973.625	0.0	0.0	5.525	0.0	720.05	3485.875	5773.225
2	0.720037925	0.00060405	0.00030405	0.837734825	0.707302225	1.291538925	0.0	0.0	1.0	9973.55	0.0	0.0	5.6	0.0	720.05	3485.875	5773.225
