hp	R	RL	PL	HL	IL	NL	L1	L2	L3	PL0	PL1	PL2	PL3
0	0.13793338	0.22685544	0.04800468	0.88211126	0.14384751	55.92470112	0.00861102	0.12691434	0.86447462	7770.01	131.53	986.28	1096.0
0.05	0.10204841	0.39011691	0.08482777	0.8941477	0.23649703	114.64676507	0.03247849	0.3229775	0.64454396	6071.83	373.61	2155.23	1383.15
0.1	0.09254591	0.47512892	0.09603727	0.86999597	0.29138213	152.48790644	0.05555422	0.45412403	0.49032175	5554.88	513.71	2629.49	1285.74
0.15	0.0910132	0.51838811	0.0994192	0.84182612	0.32035156	176.13569545	0.07480848	0.53532703	0.38986449	5398.91	607.27	2852.33	1125.31
0.2	0.09211785	0.53224321	0.09962717	0.81839747	0.33619064	190.95380639	0.08884814	0.58605665	0.32509524	5389.31	653.28	2961.1	980.13
0.25	0.09411413	0.53479642	0.09881447	0.79985713	0.3455556	200.8421084	0.0991478	0.61922864	0.28162352	5426.79	676.48	3017.9	862.65
0.3	0.09634185	0.53378083	0.09786918	0.78470457	0.35155067	208.07070136	0.10729669	0.64192939	0.25077386	5470.37	693.39	3050.96	769.1
0.35	0.09854597	0.53146429	0.09686615	0.77164833	0.35581858	213.85715818	0.11432465	0.65859893	0.22707639	5516.64	703.09	3070.21	693.88
0.4	0.10062835	0.52789838	0.09576893	0.76023446	0.35904542	218.61976624	0.12055566	0.67109441	0.20834995	5567.24	709.08	3078.74	628.76
0.45	0.10256082	0.52369413	0.09467273	0.74953936	0.36165536	222.90183623	0.12675866	0.68069773	0.19254359	5617.8	713.1	3080.14	572.78
0.5	0.10433717	0.51910395	0.09363144	0.73843654	0.36406277	227.45253301	0.13434403	0.68839981	0.17725616	5665.82	715.83	3077.15	525.02
0.55	0.10596698	0.51447463	0.09262904	0.72723067	0.36623491	231.74855161	0.14168629	0.6950833	0.16323028	5712.04	717.51	3071.35	482.92
0.6	0.1074597	0.50949212	0.09168843	0.7161303	0.36830721	235.63045682	0.14820443	0.70134744	0.15044811	5755.42	718.44	3064.13	445.83
0.65	0.1088285	0.50432296	0.09078861	0.70501412	0.37027985	239.16933127	0.1537035	0.70777368	0.13852282	5796.92	718.84	3055.77	412.29
0.7	0.11008676	0.49893696	0.08988268	0.69421192	0.37223547	242.35790965	0.15819277	0.71431576	0.12749142	5838.7	719.09	3045.35	380.68
0.75	0.11124512	0.49392441	0.08905071	0.68385012	0.37412946	245.21317435	0.16180579	0.72071918	0.11747504	5877.07	719.33	3034.7	352.72
0.8	0.11231427	0.48900126	0.08827842	0.67422513	0.37588827	247.70433699	0.16465281	0.72670226	0.10864502	5912.69	719.47	3022.82	328.84
0.85	0.11330327	0.48427661	0.0875658	0.66523461	0.37751684	249.90032279	0.16694549	0.7322244	0.10083012	5945.56	719.56	3011.35	307.35
0.9	0.11422015	0.47961622	0.08687182	0.65689644	0.37906712	251.84706252	0.16877643	0.73732447	0.09389906	5977.57	719.62	2999.46	287.17
0.95	0.11506969	0.4753148	0.08623247	0.64906199	0.38047192	253.5907981	0.17028079	0.74193509	0.0877841	6007.06	719.67	2987.41	269.68
1	0.1158618	0.47130579	0.08564907	0.64183391	0.38179259	255.15656203	0.17166897	0.74596454	0.08236653	6033.96	719.68	2976.2	253.98
