ur	ir	R	RL	PL	HL	IL	NL	L1	L2	L3	PL0	PL1	PL2	PL3	TL0	TL1	TL2	TL3
-2	-2	0.84953665	0.0004019	0.00010735	0.4506937	0.56039125	1.0	0.0	0.0	1.0	9977.45	0.0	0.0	4.95	0.0	721.85	3874.85	5385.7
-2	-1.75	0.84953665	0.0004019	0.00010735	0.4506937	0.56039125	1.0	0.0	0.0	1.0	9977.45	0.0	0.0	4.95	0.0	721.85	3874.85	5385.7
-2	-1.5	0.84953665	0.0004019	0.00010735	0.4506937	0.56039125	1.0	0.0	0.0	1.0	9977.45	0.0	0.0	4.95	0.0	721.85	3874.85	5385.7
-2	-1.25	0.84953665	0.0004019	0.00010735	0.4506937	0.56039125	1.0	0.0	0.0	1.0	9977.45	0.0	0.0	4.95	0.0	721.85	3874.85	5385.7
-2	-1	0.84953665	0.0004019	0.00010735	0.4506937	0.56039125	1.0	0.0	0.0	1.0	9977.45	0.0	0.0	4.95	0.0	721.85	3874.85	5385.7
-2	-0.75	0.84953665	0.0004019	0.00010735	0.4506937	0.56039125	1.0	0.0	0.0	1.0	9977.45	0.0	0.0	4.95	0.0	721.85	3874.85	5385.7
-2	-0.5	0.84953665	0.0004019	0.00010735	0.4506937	0.56039125	1.0	0.0	0.0	1.0	9977.45	0.0	0.0	4.95	0.0	721.85	3874.85	5385.7
-2	-0.25	0.84953665	0.0004019	0.00010735	0.4506937	0.56039125	1.0	0.0	0.0	1.0	9977.45	0.0	0.0	4.95	0.0	721.85	3874.85	5385.7
-2	0	0.2285092	0.07898335	0.021448	0.1908964	0.2349095	106.2395524	0.0260372	0.2184072	0.75555565	8993.6	141.15	426.8	420.85	0.0	721.85	3874.85	5385.7
-2	0.25	0.1511281	0.30268595	0.0633837	0.4287237	0.4312614	282.1233077	0.1808696	0.81844125	0.0006895	7060.25	721.85	2193.8	6.5	0.0	721.85	3874.85	5385.7
-2	0.5	0.1511281	0.30268595	0.0633837	0.4287237	0.4312614	282.1233077	0.1808696	0.81844125	0.0006895	7060.25	721.85	2193.8	6.5	0.0	721.85	3874.85	5385.7
-2	0.75	0.1511281	0.30268595	0.0633837	0.4287237	0.4312614	282.1233077	0.1808696	0.81844125	0.0006895	7060.25	721.85	2193.8	6.5	0.0	721.85	3874.85	5385.7
-2	1	0.1511281	0.30268595	0.0633837	0.4287237	0.4312614	282.1233077	0.1808696	0.81844125	0.0006895	7060.25	721.85	2193.8	6.5	0.0	721.85	3874.85	5385.7
-2	1.25	0.1511281	0.30268595	0.0633837	0.4287237	0.4312614	282.1233077	0.1808696	0.81844125	0.0006895	7060.25	721.85	2193.8	6.5	0.0	721.85	3874.85	5385.7
-2	1.5	0.1511281	0.30268595	0.0633837	0.4287237	0.4312614	282.1233077	0.1808696	0.81844125	0.0006895	7060.25	721.85	2193.8	6.5	0.0	721.85	3874.85	5385.7
-2	1.75	0.1511281	0.30268595	0.0633837	0.4287237	0.4312614	282.1233077	0.1808696	0.81844125	0.0006895	7060.25	721.85	2193.8	6.5	0.0	721.85	3874.85	5385.7
-2	2	0.1511281	0.30268595	0.0633837	0.4287237	0.4312614	282.1233077	0.1808696	0.81844125	0.0006895	7060.25	721.85	2193.8	6.5	0.0	721.85	3874.85	5385.7
-1.75	-2	0.84953665	0.0004019	0.00010735	0.4506937	0.56039125	1.0	0.0	0.0	1.0	9977.45	0.0	0.0	4.95	0.0	721.85	3874.85	5385.7
-1.75	-1.75	0.84953665	0.0004019	0.00010735	0.4506937	0.56039125	1.0	0.0	0.0	1.0	9977.45	0.0	0.0	4.95	0.0	721.85	3874.85	5385.7
-1.75	-1.5	0.84953665	0.0004019	0.00010735	0.4506937	0.56039125	1.0	0.0	0.0	1.0	9977.45	0.0	0.0	4.95	0.0	721.85	3874.85	5385.7
-1.75	-1.25	0.84953665	0.0004019	0.00010735	0.4506937	0.56039125	1.0	0.0	0.0	1.0	9977.45	0.0	0.0	4.95	0.0	721.85	3874.85	5385.7
-1.75	-1	0.84953665	0.0004019	0.00010735	0.4506937	0.56039125	1.0	0.0	0.0	1.0	9977.45	0.0	0.0	4.95	0.0	721.85	3874.85	5385.7
-1.75	-0.75	0.84953665	0.0004019	0.00010735	0.4506937	0.56039125	1.0	0.0	0.0	1.0	9977.45	0.0	0.0	4.95	0.0	721.85	3874.85	5385.7
-1.75	-0.5	0.84953665	0.0004019	0.00010735	0.4506937	0.56039125	1.0	0.0	0.0	1.0	9977.45	0.0	0.0	4.95	0.0	721.85	3874.85	5385.7
-1.75	-0.25	0.84953665	0.0004019	0.00010735	0.4506937	0.56039125	1.0	0.0	0.0	1.0	9977.45	0.0	0.0	4.95	0.0	721.85	3874.85	5385.7
-1.75	0	0.2285092	0.07898335	0.021448	0.1908964	0.2349095	106.2395524	0.0260372	0.2184072	0.75555565	8993.6	141.15	426.8	420.85	0.0	721.85	3874.85	5385.7
-1.75	0.25	0.1511281	0.30268595	0.0633837	0.4287237	0.4312614	282.1233077	0.1808696	0.81844125	0.0006895	7060.25	721.85	2193.8	6.5	0.0	721.85	3874.85	5385.7
-1.75	0.5	0.1511281	0.30268595	0.0633837	0.4287237	0.4312614	282.1233077	0.1808696	0.81844125	0.0006895	7060.25	721.85	2193.8	6.5	0.0	721.85	3874.85	5385.7
-1.75	0.75	0.1511281	0.30268595	0.0633837	0.4287237	0.4312614	282.1233077	0.1808696	0.81844125	0.0006895	7060.25	721.85	2193.8	6.5	0.0	721.85	3874.85	5385.7
-1.75	1	0.1511281	0.30268595	0.0633837	0.4287237	0.4312614	282.1233077	0.1808696	0.81844125	0.0006895	7060.25	721.85	2193.8	6.5	0.0	721.85	3874.85	5385.7
-1.75	1.25	0.1511281	0.30268595	0.0633837	0.4287237	0.4312614	282.1233077	0.1808696	0.81844125	0.0006895	7060.25	721.85	2193.8	6.5	0.0	721.85	3874.85	5385.7
-1.75	1.5	0.1511281	0.30268595	0.0633837	0.4287237	0.4312614	282.1233077	0.1808696	0.81844125	0.0006895	7060.25	721.85	2193.8	6.5	0.0	721.85	3874.85	5385.7
-1.75	1.75	0.1511281	0.30268595	0.0633837	0.4287237	0.4312614	282.1233077	0.1808696	0.81844125	0.0006895	7060.25	721.85	2193.8	6.5	0.0	721.85	3874.85	5385.7
-1.75	2	0.1511281	0.30268595	0.0633837	0.4287237	0.4312614	282.1233077	0.1808696	0.81844125	0.0006895	7060.25	721.85	2193.8	6.5	0.0	721.85	3874.85	5385.7
-1.5	-2	0.84953665	0.0004019	0.00010735	0.4506937	0.56039125	1.0	0.0	0.0	1.0	9977.45	0.0	0.0	4.95	0.0	721.85	3874.85	5385.7
-1.5	-1.75	0.84953665	0.0004019	0.00010735	0.4506937	0.56039125	1.0	0.0	0.0	1.0	9977.45	0.0	0.0	4.95	0.0	721.85	3874.85	5385.7
-1.5	-1.5	0.84953665	0.0004019	0.00010735	0.4506937	0.56039125	1.0	0.0	0.0	1.0	9977.45	0.0	0.0	4.95	0.0	721.85	3874.85	5385.7
-1.5	-1.25	0.84953665	0.0004019	0.00010735	0.4506937	0.56039125	1.0	0.0	0.0	1.0	9977.45	0.0	0.0	4.95	0.0	721.85	3874.85	5385.7
-1.5	-1	0.84953665	0.0004019	0.00010735	0.4506937	0.56039125	1.0	0.0	0.0	1.0	9977.45	0.0	0.0	4.95	0.0	721.85	3874.85	5385.7
-1.5	-0.75	0.84953665	0.0004019	0.00010735	0.4506937	0.56039125	1.0	0.0	0.0	1.0	9977.45	0.0	0.0	4.95	0.0	721.85	3874.85	5385.7
-1.5	-0.5	0.84953665	0.0004019	0.00010735	0.4506937	0.56039125	1.0	0.0	0.0	1.0	9977.45	0.0	0.0	4.95	0.0	721.85	3874.85	5385.7
-1.5	-0.25	0.84953665	0.0004019	0.00010735	0.4506937	0.56039125	1.0	0.0	0.0	1.0	9977.45	0.0	0.0	4.95	0.0	721.85	3874.85	5385.7
-1.5	0	0.2285092	0.07898335	0.021448	0.1908964	0.2349095	106.2395524	0.0260372	0.2184072	0.75555565	8993.6	141.15	426.8	420.85	0.0	721.85	3874.85	5385.7
-1.5	0.25	0.1511281	0.30268595	0.0633837	0.4287237	0.4312614	282.1233077	0.1808696	0.81844125	0.0006895	7060.25	721.85	2193.8	6.5	0.0	721.85	3874.85	5385.7
-1.5	0.5	0.1511281	0.30268595	0.0633837	0.4287237	0.4312614	282.1233077	0.1808696	0.81844125	0.0006895	7060.25	721.85	2193.8	6.5	0.0	721.85	3874.85	5385.7
-1.5	0.75	0.1511281	0.30268595	0.0633837	0.4287237	0.4312614	282.1233077	0.1808696	0.81844125	0.0006895	7060.25	721.85	2193.8	6.5	0.0	721.85	3874.85	5385.7
-1.5	1	0.1511281	0.30268595	0.0633837	0.4287237	0.4312614	282.1233077	0.1808696	0.81844125	0.0006895	7060.25	721.85	2193.8	6.5	0.0	721.85	3874.85	5385.7
-1.5	1.25	0.1511281	0.30268595	0.0633837	0.4287237	0.4312614	282.1233077	0.1808696	0.81844125	0.0006895	7060.25	721.85	2193.8	6.5	0.0	721.85	3874.85	5385.7
-1.5	1.5	0.1511281	0.30268595	0.0633837	0.4287237	0.4312614	282.1233077	0.1808696	0.81844125	0.0006895	7060.25	721.85	2193.8	6.5	0.0	721.85	3874.85	5385.7
-1.5	1.75	0.1511281	0.30268595	0.0633837	0.4287237	0.4312614	282.1233077	0.1808696	0.81844125	0.0006895	7060.25	721.85	2193.8	6.5	0.0	721.85	3874.85	5385.7
-1.5	2	0.1511281	0.30268595	0.0633837	0.4287237	0.4312614	282.1233077	0.1808696	0.81844125	0.0006895	7060.25	721.85	2193.8	6.5	0.0	721.85	3874.85	5385.7
-1.25	-2	0.84953665	0.0004019	0.00010735	0.4506937	0.56039125	1.0	0.0	0.0	1.0	9977.45	0.0	0.0	4.95	0.0	721.85	3874.85	5385.7
-1.25	-1.75	0.84953665	0.0004019	0.00010735	0.4506937	0.56039125	1.0	0.0	0.0	1.0	9977.45	0.0	0.0	4.95	0.0	721.85	3874.85	5385.7
-1.25	-1.5	0.84953665	0.0004019	0.00010735	0.4506937	0.56039125	1.0	0.0	0.0	1.0	9977.45	0.0	0.0	4.95	0.0	721.85	3874.85	5385.7
-1.25	-1.25	0.84953665	0.0004019	0.00010735	0.4506937	0.56039125	1.0	0.0	0.0	1.0	9977.45	0.0	0.0	4.95	0.0	721.85	3874.85	5385.7
-1.25	-1	0.84953665	0.0004019	0.00010735	0.4506937	0.56039125	1.0	0.0	0.0	1.0	9977.45	0.0	0.0	4.95	0.0	721.85	3874.85	5385.7
-1.25	-0.75	0.84953665	0.0004019	0.00010735	0.4506937	0.56039125	1.0	0.0	0.0	1.0	9977.45	0.0	0.0	4.95	0.0	721.85	3874.85	5385.7
-1.25	-0.5	0.84953665	0.0004019	0.00010735	0.4506937	0.56039125	1.0	0.0	0.0	1.0	9977.45	0.0	0.0	4.95	0.0	721.85	3874.85	5385.7
-1.25	-0.25	0.84953665	0.0004019	0.00010735	0.4506937	0.56039125	1.0	0.0	0.0	1.0	9977.45	0.0	0.0	4.95	0.0	721.85	3874.85	5385.7
-1.25	0	0.2285092	0.07898335	0.021448	0.1908964	0.2349095	106.2395524	0.0260372	0.2184072	0.75555565	8993.6	141.15	426.8	420.85	0.0	721.85	3874.85	5385.7
-1.25	0.25	0.1511281	0.30268595	0.0633837	0.4287237	0.4312614	282.1233077	0.1808696	0.81844125	0.0006895	7060.25	721.85	2193.8	6.5	0.0	721.85	3874.85	5385.7
-1.25	0.5	0.1511281	0.30268595	0.0633837	0.4287237	0.4312614	282.1233077	0.1808696	0.81844125	0.0006895	7060.25	721.85	2193.8	6.5	0.0	721.85	3874.85	5385.7
-1.25	0.75	0.1511281	0.30268595	0.0633837	0.4287237	0.4312614	282.1233077	0.1808696	0.81844125	0.0006895	7060.25	721.85	2193.8	6.5	0.0	721.85	3874.85	5385.7
-1.25	1	0.1511281	0.30268595	0.0633837	0.4287237	0.4312614	282.1233077	0.1808696	0.81844125	0.0006895	7060.25	721.85	2193.8	6.5	0.0	721.85	3874.85	5385.7
-1.25	1.25	0.1511281	0.30268595	0.0633837	0.4287237	0.4312614	282.1233077	0.1808696	0.81844125	0.0006895	7060.25	721.85	2193.8	6.5	0.0	721.85	3874.85	5385.7
-1.25	1.5	0.1511281	0.30268595	0.0633837	0.4287237	0.4312614	282.1233077	0.1808696	0.81844125	0.0006895	7060.25	721.85	2193.8	6.5	0.0	721.85	3874.85	5385.7
-1.25	1.75	0.1511281	0.30268595	0.0633837	0.4287237	0.4312614	282.1233077	0.1808696	0.81844125	0.0006895	7060.25	721.85	2193.8	6.5	0.0	721.85	3874.85	5385.7
-1.25	2	0.1511281	0.30268595	0.0633837	0.4287237	0.4312614	282.1233077	0.1808696	0.81844125	0.0006895	7060.25	721.85	2193.8	6.5	0.0	721.85	3874.85	5385.7
-1	-2	0.84953665	0.0004019	0.00010735	0.4506937	0.56039125	1.0	0.0	0.0	1.0	9977.45	0.0	0.0	4.95	0.0	721.85	3874.85	5385.7
-1	-1.75	0.84953665	0.0004019	0.00010735	0.4506937	0.56039125	1.0	0.0	0.0	1.0	9977.45	0.0	0.0	4.95	0.0	721.85	3874.85	5385.7
-1	-1.5	0.84953665	0.0004019	0.00010735	0.4506937	0.56039125	1.0	0.0	0.0	1.0	9977.45	0.0	0.0	4.95	0.0	721.85	3874.85	5385.7
-1	-1.25	0.84953665	0.0004019	0.00010735	0.4506937	0.56039125	1.0	0.0	0.0	1.0	9977.45	0.0	0.0	4.95	0.0	721.85	3874.85	5385.7
-1	-1	0.84953665	0.0004019	0.00010735	0.4506937	0.56039125	1.0	0.0	0.0	1.0	9977.45	0.0	0.0	4.95	0.0	721.85	3874.85	5385.7
-1	-0.75	0.84953665	0.0004019	0.00010735	0.4506937	0.56039125	1.0	0.0	0.0	1.0	9977.45	0.0	0.0	4.95	0.0	721.85	3874.85	5385.7
-1	-0.5	0.84953665	0.0004019	0.00010735	0.4506937	0.56039125	1.0	0.0	0.0	1.0	9977.45	0.0	0.0	4.95	0.0	721.85	3874.85	5385.7
-1	-0.25	0.84953665	0.0004019	0.00010735	0.4506937	0.56039125	1.0	0.0	0.0	1.0	9977.45	0.0	0.0	4.95	0.0	721.85	3874.85	5385.7
-1	0	0.2285092	0.07898335	0.021448	0.1908964	0.2349095	106.2395524	0.0260372	0.2184072	0.75555565	8993.6	141.15	426.8	420.85	0.0	721.85	3874.85	5385.7
-1	0.25	0.1511281	0.30268595	0.0633837	0.4287237	0.4312614	282.1233077	0.1808696	0.81844125	0.0006895	7060.25	721.85	2193.8	6.5	0.0	721.85	3874.85	5385.7
-1	0.5	0.1511281	0.30268595	0.0633837	0.4287237	0.4312614	282.1233077	0.1808696	0.81844125	0.0006895	7060.25	721.85	2193.8	6.5	0.0	721.85	3874.85	5385.7
-1	0.75	0.1511281	0.30268595	0.0633837	0.4287237	0.4312614	282.1233077	0.1808696	0.81844125	0.0006895	7060.25	721.85	2193.8	6.5	0.0	721.85	3874.85	5385.7
-1	1	0.1511281	0.30268595	0.0633837	0.4287237	0.4312614	282.1233077	0.1808696	0.81844125	0.0006895	7060.25	721.85	2193.8	6.5	0.0	721.85	3874.85	5385.7
-1	1.25	0.1511281	0.30268595	0.0633837	0.4287237	0.4312614	282.1233077	0.1808696	0.81844125	0.0006895	7060.25	721.85	2193.8	6.5	0.0	721.85	3874.85	5385.7
-1	1.5	0.1511281	0.30268595	0.0633837	0.4287237	0.4312614	282.1233077	0.1808696	0.81844125	0.0006895	7060.25	721.85	2193.8	6.5	0.0	721.85	3874.85	5385.7
-1	1.75	0.1511281	0.30268595	0.0633837	0.4287237	0.4312614	282.1233077	0.1808696	0.81844125	0.0006895	7060.25	721.85	2193.8	6.5	0.0	721.85	3874.85	5385.7
-1	2	0.1511281	0.30268595	0.0633837	0.4287237	0.4312614	282.1233077	0.1808696	0.81844125	0.0006895	7060.25	721.85	2193.8	6.5	0.0	721.85	3874.85	5385.7
-0.75	-2	0.84953665	0.0004019	0.00010735	0.4506937	0.56039125	1.0	0.0	0.0	1.0	9977.45	0.0	0.0	4.95	0.0	721.85	3874.85	5385.7
-0.75	-1.75	0.84953665	0.0004019	0.00010735	0.4506937	0.56039125	1.0	0.0	0.0	1.0	9977.45	0.0	0.0	4.95	0.0	721.85	3874.85	5385.7
-0.75	-1.5	0.84953665	0.0004019	0.00010735	0.4506937	0.56039125	1.0	0.0	0.0	1.0	9977.45	0.0	0.0	4.95	0.0	721.85	3874.85	5385.7
-0.75	-1.25	0.84953665	0.0004019	0.00010735	0.4506937	0.56039125	1.0	0.0	0.0	1.0	9977.45	0.0	0.0	4.95	0.0	721.85	3874.85	5385.7
-0.75	-1	0.84953665	0.0004019	0.00010735	0.4506937	0.56039125	1.0	0.0	0.0	1.0	9977.45	0.0	0.0	4.95	0.0	721.85	3874.85	5385.7
-0.75	-0.75	0.84953665	0.0004019	0.00010735	0.4506937	0.56039125	1.0	0.0	0.0	1.0	9977.45	0.0	0.0	4.95	0.0	721.85	3874.85	5385.7
-0.75	-0.5	0.84953665	0.0004019	0.00010735	0.4506937	0.56039125	1.0	0.0	0.0	1.0	9977.45	0.0	0.0	4.95	0.0	721.85	3874.85	5385.7
-0.75	-0.25	0.84953665	0.0004019	0.00010735	0.4506937	0.56039125	1.0	0.0	0.0	1.0	9977.45	0.0	0.0	4.95	0.0	721.85	3874.85	5385.7
-0.75	0	0.2285092	0.07898335	0.021448	0.1908964	0.2349095	106.2395524	0.0260372	0.2184072	0.75555565	8993.6	141.15	426.8	420.85	0.0	721.85	3874.85	5385.7
-0.75	0.25	0.1511281	0.30268595	0.0633837	0.4287237	0.4312614	282.1233077	0.1808696	0.81844125	0.0006895	7060.25	721.85	2193.8	6.5	0.0	721.85	3874.85	5385.7
-0.75	0.5	0.1511281	0.30268595	0.0633837	0.4287237	0.4312614	282.1233077	0.1808696	0.81844125	0.0006895	7060.25	721.85	2193.8	6.5	0.0	721.85	3874.85	5385.7
-0.75	0.75	0.1511281	0.30268595	0.0633837	0.4287237	0.4312614	282.1233077	0.1808696	0.81844125	0.0006895	7060.25	721.85	2193.8	6.5	0.0	721.85	3874.85	5385.7
-0.75	1	0.1511281	0.30268595	0.0633837	0.4287237	0.4312614	282.1233077	0.1808696	0.81844125	0.0006895	7060.25	721.85	2193.8	6.5	0.0	721.85	3874.85	5385.7
-0.75	1.25	0.1511281	0.30268595	0.0633837	0.4287237	0.4312614	282.1233077	0.1808696	0.81844125	0.0006895	7060.25	721.85	2193.8	6.5	0.0	721.85	3874.85	5385.7
-0.75	1.5	0.1511281	0.30268595	0.0633837	0.4287237	0.4312614	282.1233077	0.1808696	0.81844125	0.0006895	7060.25	721.85	2193.8	6.5	0.0	721.85	3874.85	5385.7
-0.75	1.75	0.1511281	0.30268595	0.0633837	0.4287237	0.4312614	282.1233077	0.1808696	0.81844125	0.0006895	7060.25	721.85	2193.8	6.5	0.0	721.85	3874.85	5385.7
-0.75	2	0.1511281	0.30268595	0.0633837	0.4287237	0.4312614	282.1233077	0.1808696	0.81844125	0.0006895	7060.25	721.85	2193.8	6.5	0.0	721.85	3874.85	5385.7
-0.5	-2	0.84953665	0.0004019	0.00010735	0.4506937	0.56039125	1.0	0.0	0.0	1.0	9977.45	0.0	0.0	4.95	0.0	721.85	3874.85	5385.7
-0.5	-1.75	0.84953665	0.0004019	0.00010735	0.4506937	0.56039125	1.0	0.0	0.0	1.0	9977.45	0.0	0.0	4.95	0.0	721.85	3874.85	5385.7
-0.5	-1.5	0.84953665	0.0004019	0.00010735	0.4506937	0.56039125	1.0	0.0	0.0	1.0	9977.45	0.0	0.0	4.95	0.0	721.85	3874.85	5385.7
-0.5	-1.25	0.84953665	0.0004019	0.00010735	0.4506937	0.56039125	1.0	0.0	0.0	1.0	9977.45	0.0	0.0	4.95	0.0	721.85	3874.85	5385.7
-0.5	-1	0.84953665	0.0004019	0.00010735	0.4506937	0.56039125	1.0	0.0	0.0	1.0	9977.45	0.0	0.0	4.95	0.0	721.85	3874.85	5385.7
-0.5	-0.75	0.84953665	0.0004019	0.00010735	0.4506937	0.56039125	1.0	0.0	0.0	1.0	9977.45	0.0	0.0	4.95	0.0	721.85	3874.85	5385.7
-0.5	-0.5	0.84953665	0.0004019	0.00010735	0.4506937	0.56039125	1.0	0.0	0.0	1.0	9977.45	0.0	0.0	4.95	0.0	721.85	3874.85	5385.7
-0.5	-0.25	0.84953665	0.0004019	0.00010735	0.4506937	0.56039125	1.0	0.0	0.0	1.0	9977.45	0.0	0.0	4.95	0.0	721.85	3874.85	5385.7
-0.5	0	0.2285092	0.07898335	0.021448	0.1908964	0.2349095	106.2395524	0.0260372	0.2184072	0.75555565	8993.6	141.15	426.8	420.85	0.0	721.85	3874.85	5385.7
-0.5	0.25	0.1511281	0.30268595	0.0633837	0.4287237	0.4312614	282.1233077	0.1808696	0.81844125	0.0006895	7060.25	721.85	2193.8	6.5	0.0	721.85	3874.85	5385.7
-0.5	0.5	0.1511281	0.30268595	0.0633837	0.4287237	0.4312614	282.1233077	0.1808696	0.81844125	0.0006895	7060.25	721.85	2193.8	6.5	0.0	721.85	3874.85	5385.7
-0.5	0.75	0.1511281	0.30268595	0.0633837	0.4287237	0.4312614	282.1233077	0.1808696	0.81844125	0.0006895	7060.25	721.85	2193.8	6.5	0.0	721.85	3874.85	5385.7
-0.5	1	0.1511281	0.30268595	0.0633837	0.4287237	0.4312614	282.1233077	0.1808696	0.81844125	0.0006895	7060.25	721.85	2193.8	6.5	0.0	721.85	3874.85	5385.7
-0.5	1.25	0.1511281	0.30268595	0.0633837	0.4287237	0.4312614	282.1233077	0.1808696	0.81844125	0.0006895	7060.25	721.85	2193.8	6.5	0.0	721.85	3874.85	5385.7
-0.5	1.5	0.1511281	0.30268595	0.0633837	0.4287237	0.4312614	282.1233077	0.1808696	0.81844125	0.0006895	7060.25	721.85	2193.8	6.5	0.0	721.85	3874.85	5385.7
-0.5	1.75	0.1511281	0.30268595	0.0633837	0.4287237	0.4312614	282.1233077	0.1808696	0.81844125	0.0006895	7060.25	721.85	2193.8	6.5	0.0	721.85	3874.85	5385.7
-0.5	2	0.1511281	0.30268595	0.0633837	0.4287237	0.4312614	282.1233077	0.1808696	0.81844125	0.0006895	7060.25	721.85	2193.8	6.5	0.0	721.85	3874.85	5385.7
-0.25	-2	0.84953665	0.0004019	0.00010735	0.4506937	0.56039125	1.0	0.0	0.0	1.0	9977.45	0.0	0.0	4.95	0.0	721.85	3874.85	5385.7
-0.25	-1.75	0.84953665	0.0004019	0.00010735	0.4506937	0.56039125	1.0	0.0	0.0	1.0	9977.45	0.0	0.0	4.95	0.0	721.85	3874.85	5385.7
-0.25	-1.5	0.84953665	0.0004019	0.00010735	0.4506937	0.56039125	1.0	0.0	0.0	1.0	9977.45	0.0	0.0	4.95	0.0	721.85	3874.85	5385.7
-0.25	-1.25	0.84953665	0.0004019	0.00010735	0.4506937	0.56039125	1.0	0.0	0.0	1.0	9977.45	0.0	0.0	4.95	0.0	721.85	3874.85	5385.7
-0.25	-1	0.84953665	0.0004019	0.00010735	0.4506937	0.56039125	1.0	0.0	0.0	1.0	9977.45	0.0	0.0	4.95	0.0	721.85	3874.85	5385.7
-0.25	-0.75	0.84953665	0.0004019	0.00010735	0.4506937	0.56039125	1.0	0.0	0.0	1.0	9977.45	0.0	0.0	4.95	0.0	721.85	3874.85	5385.7
-0.25	-0.5	0.84953665	0.0004019	0.00010735	0.4506937	0.56039125	1.0	0.0	0.0	1.0	9977.45	0.0	0.0	4.95	0.0	721.85	3874.85	5385.7
-0.25	-0.25	0.84953665	0.0004019	0.00010735	0.4506937	0.56039125	1.0	0.0	0.0	1.0	9977.45	0.0	0.0	4.95	0.0	721.85	3874.85	5385.7
-0.25	0	0.2285092	0.07898335	0.021448	0.1908964	0.2349095	106.2395524	0.0260372	0.2184072	0.75555565	8993.6	141.15	426.8	420.85	0.0	721.85	3874.85	5385.7
-0.25	0.25	0.1511281	0.30268595	0.0633837	0.4287237	0.4312614	282.1233077	0.1808696	0.81844125	0.0006895	7060.25	721.85	2193.8	6.5	0.0	721.85	3874.85	5385.7
-0.25	0.5	0.1511281	0.30268595	0.0633837	0.4287237	0.4312614	282.1233077	0.1808696	0.81844125	0.0006895	7060.25	721.85	2193.8	6.5	0.0	721.85	3874.85	5385.7
-0.25	0.75	0.1511281	0.30268595	0.0633837	0.4287237	0.4312614	282.1233077	0.1808696	0.81844125	0.0006895	7060.25	721.85	2193.8	6.5	0.0	721.85	3874.85	5385.7
-0.25	1	0.1511281	0.30268595	0.0633837	0.4287237	0.4312614	282.1233077	0.1808696	0.81844125	0.0006895	7060.25	721.85	2193.8	6.5	0.0	721.85	3874.85	5385.7
-0.25	1.25	0.1511281	0.30268595	0.0633837	0.4287237	0.4312614	282.1233077	0.1808696	0.81844125	0.0006895	7060.25	721.85	2193.8	6.5	0.0	721.85	3874.85	5385.7
-0.25	1.5	0.1511281	0.30268595	0.0633837	0.4287237	0.4312614	282.1233077	0.1808696	0.81844125	0.0006895	7060.25	721.85	2193.8	6.5	0.0	721.85	3874.85	5385.7
-0.25	1.75	0.1511281	0.30268595	0.0633837	0.4287237	0.4312614	282.1233077	0.1808696	0.81844125	0.0006895	7060.25	721.85	2193.8	6.5	0.0	721.85	3874.85	5385.7
-0.25	2	0.1511281	0.30268595	0.0633837	0.4287237	0.4312614	282.1233077	0.1808696	0.81844125	0.0006895	7060.25	721.85	2193.8	6.5	0.0	721.85	3874.85	5385.7
0	-2	0.84953665	0.0004019	0.00010735	0.4506937	0.56039125	1.0	0.0	0.0	1.0	9977.45	0.0	0.0	4.95	0.0	721.85	3874.85	5385.7
0	-1.75	0.84953665	0.0004019	0.00010735	0.4506937	0.56039125	1.0	0.0	0.0	1.0	9977.45	0.0	0.0	4.95	0.0	721.85	3874.85	5385.7
0	-1.5	0.84953665	0.0004019	0.00010735	0.4506937	0.56039125	1.0	0.0	0.0	1.0	9977.45	0.0	0.0	4.95	0.0	721.85	3874.85	5385.7
0	-1.25	0.84953665	0.0004019	0.00010735	0.4506937	0.56039125	1.0	0.0	0.0	1.0	9977.45	0.0	0.0	4.95	0.0	721.85	3874.85	5385.7
0	-1	0.84953665	0.0004019	0.00010735	0.4506937	0.56039125	1.0	0.0	0.0	1.0	9977.45	0.0	0.0	4.95	0.0	721.85	3874.85	5385.7
0	-0.75	0.84953665	0.0004019	0.00010735	0.4506937	0.56039125	1.0	0.0	0.0	1.0	9977.45	0.0	0.0	4.95	0.0	721.85	3874.85	5385.7
0	-0.5	0.84953665	0.0004019	0.00010735	0.4506937	0.56039125	1.0	0.0	0.0	1.0	9977.45	0.0	0.0	4.95	0.0	721.85	3874.85	5385.7
0	-0.25	0.84953665	0.0004019	0.00010735	0.4506937	0.56039125	1.0	0.0	0.0	1.0	9977.45	0.0	0.0	4.95	0.0	721.85	3874.85	5385.7
0	0	0.2285092	0.07898335	0.021448	0.1908964	0.2349095	106.2395524	0.0260372	0.2184072	0.75555565	8993.6	141.15	426.8	420.85	0.0	721.85	3874.85	5385.7
0	0.25	0.1511281	0.30268595	0.0633837	0.4287237	0.4312614	282.1233077	0.1808696	0.81844125	0.0006895	7060.25	721.85	2193.8	6.5	0.0	721.85	3874.85	5385.7
0	0.5	0.1511281	0.30268595	0.0633837	0.4287237	0.4312614	282.1233077	0.1808696	0.81844125	0.0006895	7060.25	721.85	2193.8	6.5	0.0	721.85	3874.85	5385.7
0	0.75	0.1511281	0.30268595	0.0633837	0.4287237	0.4312614	282.1233077	0.1808696	0.81844125	0.0006895	7060.25	721.85	2193.8	6.5	0.0	721.85	3874.85	5385.7
0	1	0.1511281	0.30268595	0.0633837	0.4287237	0.4312614	282.1233077	0.1808696	0.81844125	0.0006895	7060.25	721.85	2193.8	6.5	0.0	721.85	3874.85	5385.7
0	1.25	0.1511281	0.30268595	0.0633837	0.4287237	0.4312614	282.1233077	0.1808696	0.81844125	0.0006895	7060.25	721.85	2193.8	6.5	0.0	721.85	3874.85	5385.7
0	1.5	0.1511281	0.30268595	0.0633837	0.4287237	0.4312614	282.1233077	0.1808696	0.81844125	0.0006895	7060.25	721.85	2193.8	6.5	0.0	721.85	3874.85	5385.7
0	1.75	0.1511281	0.30268595	0.0633837	0.4287237	0.4312614	282.1233077	0.1808696	0.81844125	0.0006895	7060.25	721.85	2193.8	6.5	0.0	721.85	3874.85	5385.7
0	2	0.1511281	0.30268595	0.0633837	0.4287237	0.4312614	282.1233077	0.1808696	0.81844125	0.0006895	7060.25	721.85	2193.8	6.5	0.0	721.85	3874.85	5385.7
0.25	-2	0.84953665	0.0004019	0.00010735	0.4506937	0.56039125	1.0	0.0	0.0	1.0	9977.45	0.0	0.0	4.95	0.0	721.85	3874.85	5385.7
0.25	-1.75	0.84953665	0.0004019	0.00010735	0.4506937	0.56039125	1.0	0.0	0.0	1.0	9977.45	0.0	0.0	4.95	0.0	721.85	3874.85	5385.7
0.25	-1.5	0.84953665	0.0004019	0.00010735	0.4506937	0.56039125	1.0	0.0	0.0	1.0	9977.45	0.0	0.0	4.95	0.0	721.85	3874.85	5385.7
0.25	-1.25	0.84953665	0.0004019	0.00010735	0.4506937	0.56039125	1.0	0.0	0.0	1.0	9977.45	0.0	0.0	4.95	0.0	721.85	3874.85	5385.7
0.25	-1	0.84953665	0.0004019	0.00010735	0.4506937	0.56039125	1.0	0.0	0.0	1.0	9977.45	0.0	0.0	4.95	0.0	721.85	3874.85	5385.7
0.25	-0.75	0.84953665	0.0004019	0.00010735	0.4506937	0.56039125	1.0	0.0	0.0	1.0	9977.45	0.0	0.0	4.95	0.0	721.85	3874.85	5385.7
0.25	-0.5	0.84953665	0.0004019	0.00010735	0.4506937	0.56039125	1.0	0.0	0.0	1.0	9977.45	0.0	0.0	4.95	0.0	721.85	3874.85	5385.7
0.25	-0.25	0.84953665	0.0004019	0.00010735	0.4506937	0.56039125	1.0	0.0	0.0	1.0	9977.45	0.0	0.0	4.95	0.0	721.85	3874.85	5385.7
0.25	0	0.2285092	0.07898335	0.021448	0.1908964	0.2349095	106.2395524	0.0260372	0.2184072	0.75555565	8993.6	141.15	426.8	420.85	0.0	721.85	3874.85	5385.7
0.25	0.25	0.1511281	0.30268595	0.0633837	0.4287237	0.4312614	282.1233077	0.1808696	0.81844125	0.0006895	7060.25	721.85	2193.8	6.5	0.0	721.85	3874.85	5385.7
0.25	0.5	0.1511281	0.30268595	0.0633837	0.4287237	0.4312614	282.1233077	0.1808696	0.81844125	0.0006895	7060.25	721.85	2193.8	6.5	0.0	721.85	3874.85	5385.7
0.25	0.75	0.1511281	0.30268595	0.0633837	0.4287237	0.4312614	282.1233077	0.1808696	0.81844125	0.0006895	7060.25	721.85	2193.8	6.5	0.0	721.85	3874.85	5385.7
0.25	1	0.1511281	0.30268595	0.0633837	0.4287237	0.4312614	282.1233077	0.1808696	0.81844125	0.0006895	7060.25	721.85	2193.8	6.5	0.0	721.85	3874.85	5385.7
0.25	1.25	0.1511281	0.30268595	0.0633837	0.4287237	0.4312614	282.1233077	0.1808696	0.81844125	0.0006895	7060.25	721.85	2193.8	6.5	0.0	721.85	3874.85	5385.7
0.25	1.5	0.1511281	0.30268595	0.0633837	0.4287237	0.4312614	282.1233077	0.1808696	0.81844125	0.0006895	7060.25	721.85	2193.8	6.5	0.0	721.85	3874.85	5385.7
0.25	1.75	0.1511281	0.30268595	0.0633837	0.4287237	0.4312614	282.1233077	0.1808696	0.81844125	0.0006895	7060.25	721.85	2193.8	6.5	0.0	721.85	3874.85	5385.7
0.25	2	0.1511281	0.30268595	0.0633837	0.4287237	0.4312614	282.1233077	0.1808696	0.81844125	0.0006895	7060.25	721.85	2193.8	6.5	0.0	721.85	3874.85	5385.7
0.5	-2	0.84953665	0.0004019	0.00010735	0.4506937	0.56039125	1.0	0.0	0.0	1.0	9977.45	0.0	0.0	4.95	0.0	721.85	3874.85	5385.7
0.5	-1.75	0.84953665	0.0004019	0.00010735	0.4506937	0.56039125	1.0	0.0	0.0	1.0	9977.45	0.0	0.0	4.95	0.0	721.85	3874.85	5385.7
0.5	-1.5	0.84953665	0.0004019	0.00010735	0.4506937	0.56039125	1.0	0.0	0.0	1.0	9977.45	0.0	0.0	4.95	0.0	721.85	3874.85	5385.7
0.5	-1.25	0.84953665	0.0004019	0.00010735	0.4506937	0.56039125	1.0	0.0	0.0	1.0	9977.45	0.0	0.0	4.95	0.0	721.85	3874.85	5385.7
0.5	-1	0.84953665	0.0004019	0.00010735	0.4506937	0.56039125	1.0	0.0	0.0	1.0	9977.45	0.0	0.0	4.95	0.0	721.85	3874.85	5385.7
0.5	-0.75	0.84953665	0.0004019	0.00010735	0.4506937	0.56039125	1.0	0.0	0.0	1.0	9977.45	0.0	0.0	4.95	0.0	721.85	3874.85	5385.7
0.5	-0.5	0.84953665	0.0004019	0.00010735	0.4506937	0.56039125	1.0	0.0	0.0	1.0	9977.45	0.0	0.0	4.95	0.0	721.85	3874.85	5385.7
0.5	-0.25	0.84953665	0.0004019	0.00010735	0.4506937	0.56039125	1.0	0.0	0.0	1.0	9977.45	0.0	0.0	4.95	0.0	721.85	3874.85	5385.7
0.5	0	0.2285092	0.07898335	0.021448	0.1908964	0.2349095	106.2395524	0.0260372	0.2184072	0.75555565	8993.6	141.15	426.8	420.85	0.0	721.85	3874.85	5385.7
0.5	0.25	0.1511281	0.30268595	0.0633837	0.4287237	0.4312614	282.1233077	0.1808696	0.81844125	0.0006895	7060.25	721.85	2193.8	6.5	0.0	721.85	3874.85	5385.7
0.5	0.5	0.1511281	0.30268595	0.0633837	0.4287237	0.4312614	282.1233077	0.1808696	0.81844125	0.0006895	7060.25	721.85	2193.8	6.5	0.0	721.85	3874.85	5385.7
0.5	0.75	0.1511281	0.30268595	0.0633837	0.4287237	0.4312614	282.1233077	0.1808696	0.81844125	0.0006895	7060.25	721.85	2193.8	6.5	0.0	721.85	3874.85	5385.7
0.5	1	0.1511281	0.30268595	0.0633837	0.4287237	0.4312614	282.1233077	0.1808696	0.81844125	0.0006895	7060.25	721.85	2193.8	6.5	0.0	721.85	3874.85	5385.7
0.5	1.25	0.1511281	0.30268595	0.0633837	0.4287237	0.4312614	282.1233077	0.1808696	0.81844125	0.0006895	7060.25	721.85	2193.8	6.5	0.0	721.85	3874.85	5385.7
0.5	1.5	0.1511281	0.30268595	0.0633837	0.4287237	0.4312614	282.1233077	0.1808696	0.81844125	0.0006895	7060.25	721.85	2193.8	6.5	0.0	721.85	3874.85	5385.7
0.5	1.75	0.1511281	0.30268595	0.0633837	0.4287237	0.4312614	282.1233077	0.1808696	0.81844125	0.0006895	7060.25	721.85	2193.8	6.5	0.0	721.85	3874.85	5385.7
0.5	2	0.1511281	0.30268595	0.0633837	0.4287237	0.4312614	282.1233077	0.1808696	0.81844125	0.0006895	7060.25	721.85	2193.8	6.5	0.0	721.85	3874.85	5385.7
0.75	-2	0.84953665	0.0004019	0.00010735	0.4506937	0.56039125	1.0	0.0	0.0	1.0	9977.45	0.0	0.0	4.95	0.0	721.85	3874.85	5385.7
0.75	-1.75	0.84953665	0.0004019	0.00010735	0.4506937	0.56039125	1.0	0.0	0.0	1.0	9977.45	0.0	0.0	4.95	0.0	721.85	3874.85	5385.7
0.75	-1.5	0.84953665	0.0004019	0.00010735	0.4506937	0.56039125	1.0	0.0	0.0	1.0	9977.45	0.0	0.0	4.95	0.0	721.85	3874.85	5385.7
0.75	-1.25	0.84953665	0.0004019	0.00010735	0.4506937	0.56039125	1.0	0.0	0.0	1.0	9977.45	0.0	0.0	4.95	0.0	721.85	3874.85	5385.7
0.75	-1	0.84953665	0.0004019	0.00010735	0.4506937	0.56039125	1.0	0.0	0.0	1.0	9977.45	0.0	0.0	4.95	0.0	721.85	3874.85	5385.7
0.75	-0.75	0.84953665	0.0004019	0.00010735	0.4506937	0.56039125	1.0	0.0	0.0	1.0	9977.45	0.0	0.0	4.95	0.0	721.85	3874.85	5385.7
0.75	-0.5	0.84953665	0.0004019	0.00010735	0.4506937	0.56039125	1.0	0.0	0.0	1.0	9977.45	0.0	0.0	4.95	0.0	721.85	3874.85	5385.7
0.75	-0.25	0.84953665	0.0004019	0.00010735	0.4506937	0.56039125	1.0	0.0	0.0	1.0	9977.45	0.0	0.0	4.95	0.0	721.85	3874.85	5385.7
0.75	0	0.2285092	0.07898335	0.021448	0.1908964	0.2349095	106.2395524	0.0260372	0.2184072	0.75555565	8993.6	141.15	426.8	420.85	0.0	721.85	3874.85	5385.7
0.75	0.25	0.1511281	0.30268595	0.0633837	0.4287237	0.4312614	282.1233077	0.1808696	0.81844125	0.0006895	7060.25	721.85	2193.8	6.5	0.0	721.85	3874.85	5385.7
0.75	0.5	0.1511281	0.30268595	0.0633837	0.4287237	0.4312614	282.1233077	0.1808696	0.81844125	0.0006895	7060.25	721.85	2193.8	6.5	0.0	721.85	3874.85	5385.7
0.75	0.75	0.1511281	0.30268595	0.0633837	0.4287237	0.4312614	282.1233077	0.1808696	0.81844125	0.0006895	7060.25	721.85	2193.8	6.5	0.0	721.85	3874.85	5385.7
0.75	1	0.1511281	0.30268595	0.0633837	0.4287237	0.4312614	282.1233077	0.1808696	0.81844125	0.0006895	7060.25	721.85	2193.8	6.5	0.0	721.85	3874.85	5385.7
0.75	1.25	0.1511281	0.30268595	0.0633837	0.4287237	0.4312614	282.1233077	0.1808696	0.81844125	0.0006895	7060.25	721.85	2193.8	6.5	0.0	721.85	3874.85	5385.7
0.75	1.5	0.1511281	0.30268595	0.0633837	0.4287237	0.4312614	282.1233077	0.1808696	0.81844125	0.0006895	7060.25	721.85	2193.8	6.5	0.0	721.85	3874.85	5385.7
0.75	1.75	0.1511281	0.30268595	0.0633837	0.4287237	0.4312614	282.1233077	0.1808696	0.81844125	0.0006895	7060.25	721.85	2193.8	6.5	0.0	721.85	3874.85	5385.7
0.75	2	0.1511281	0.30268595	0.0633837	0.4287237	0.4312614	282.1233077	0.1808696	0.81844125	0.0006895	7060.25	721.85	2193.8	6.5	0.0	721.85	3874.85	5385.7
1	-2	0.84953665	0.0004019	0.00010735	0.4506937	0.56039125	1.0	0.0	0.0	1.0	9977.45	0.0	0.0	4.95	0.0	721.85	3874.85	5385.7
1	-1.75	0.84953665	0.0004019	0.00010735	0.4506937	0.56039125	1.0	0.0	0.0	1.0	9977.45	0.0	0.0	4.95	0.0	721.85	3874.85	5385.7
1	-1.5	0.84953665	0.0004019	0.00010735	0.4506937	0.56039125	1.0	0.0	0.0	1.0	9977.45	0.0	0.0	4.95	0.0	721.85	3874.85	5385.7
1	-1.25	0.84953665	0.0004019	0.00010735	0.4506937	0.56039125	1.0	0.0	0.0	1.0	9977.45	0.0	0.0	4.95	0.0	721.85	3874.85	5385.7
1	-1	0.84953665	0.0004019	0.00010735	0.4506937	0.56039125	1.0	0.0	0.0	1.0	9977.45	0.0	0.0	4.95	0.0	721.85	3874.85	5385.7
1	-0.75	0.84953665	0.0004019	0.00010735	0.4506937	0.56039125	1.0	0.0	0.0	1.0	9977.45	0.0	0.0	4.95	0.0	721.85	3874.85	5385.7
1	-0.5	0.84953665	0.0004019	0.00010735	0.4506937	0.56039125	1.0	0.0	0.0	1.0	9977.45	0.0	0.0	4.95	0.0	721.85	3874.85	5385.7
1	-0.25	0.84953665	0.0004019	0.00010735	0.4506937	0.56039125	1.0	0.0	0.0	1.0	9977.45	0.0	0.0	4.95	0.0	721.85	3874.85	5385.7
1	0	0.2285092	0.07898335	0.021448	0.1908964	0.2349095	106.2395524	0.0260372	0.2184072	0.75555565	8993.6	141.15	426.8	420.85	0.0	721.85	3874.85	5385.7
1	0.25	0.1511281	0.30268595	0.0633837	0.4287237	0.4312614	282.1233077	0.1808696	0.81844125	0.0006895	7060.25	721.85	2193.8	6.5	0.0	721.85	3874.85	5385.7
1	0.5	0.1511281	0.30268595	0.0633837	0.4287237	0.4312614	282.1233077	0.1808696	0.81844125	0.0006895	7060.25	721.85	2193.8	6.5	0.0	721.85	3874.85	5385.7
1	0.75	0.1511281	0.30268595	0.0633837	0.4287237	0.4312614	282.1233077	0.1808696	0.81844125	0.0006895	7060.25	721.85	2193.8	6.5	0.0	721.85	3874.85	5385.7
1	1	0.1511281	0.30268595	0.0633837	0.4287237	0.4312614	282.1233077	0.1808696	0.81844125	0.0006895	7060.25	721.85	2193.8	6.5	0.0	721.85	3874.85	5385.7
1	1.25	0.1511281	0.30268595	0.0633837	0.4287237	0.4312614	282.1233077	0.1808696	0.81844125	0.0006895	7060.25	721.85	2193.8	6.5	0.0	721.85	3874.85	5385.7
1	1.5	0.1511281	0.30268595	0.0633837	0.4287237	0.4312614	282.1233077	0.1808696	0.81844125	0.0006895	7060.25	721.85	2193.8	6.5	0.0	721.85	3874.85	5385.7
1	1.75	0.1511281	0.30268595	0.0633837	0.4287237	0.4312614	282.1233077	0.1808696	0.81844125	0.0006895	7060.25	721.85	2193.8	6.5	0.0	721.85	3874.85	5385.7
1	2	0.1511281	0.30268595	0.0633837	0.4287237	0.4312614	282.1233077	0.1808696	0.81844125	0.0006895	7060.25	721.85	2193.8	6.5	0.0	721.85	3874.85	5385.7
1.25	-2	0.84953665	0.0004019	0.00010735	0.4506937	0.56039125	1.0	0.0	0.0	1.0	9977.45	0.0	0.0	4.95	0.0	721.85	3874.85	5385.7
1.25	-1.75	0.84953665	0.0004019	0.00010735	0.4506937	0.56039125	1.0	0.0	0.0	1.0	9977.45	0.0	0.0	4.95	0.0	721.85	3874.85	5385.7
1.25	-1.5	0.84953665	0.0004019	0.00010735	0.4506937	0.56039125	1.0	0.0	0.0	1.0	9977.45	0.0	0.0	4.95	0.0	721.85	3874.85	5385.7
1.25	-1.25	0.84953665	0.0004019	0.00010735	0.4506937	0.56039125	1.0	0.0	0.0	1.0	9977.45	0.0	0.0	4.95	0.0	721.85	3874.85	5385.7
1.25	-1	0.84953665	0.0004019	0.00010735	0.4506937	0.56039125	1.0	0.0	0.0	1.0	9977.45	0.0	0.0	4.95	0.0	721.85	3874.85	5385.7
1.25	-0.75	0.84953665	0.0004019	0.00010735	0.4506937	0.56039125	1.0	0.0	0.0	1.0	9977.45	0.0	0.0	4.95	0.0	721.85	3874.85	5385.7
1.25	-0.5	0.84953665	0.0004019	0.00010735	0.4506937	0.56039125	1.0	0.0	0.0	1.0	9977.45	0.0	0.0	4.95	0.0	721.85	3874.85	5385.7
1.25	-0.25	0.84953665	0.0004019	0.00010735	0.4506937	0.56039125	1.0	0.0	0.0	1.0	9977.45	0.0	0.0	4.95	0.0	721.85	3874.85	5385.7
1.25	0	0.2285092	0.07898335	0.021448	0.1908964	0.2349095	106.2395524	0.0260372	0.2184072	0.75555565	8993.6	141.15	426.8	420.85	0.0	721.85	3874.85	5385.7
1.25	0.25	0.1511281	0.30268595	0.0633837	0.4287237	0.4312614	282.1233077	0.1808696	0.81844125	0.0006895	7060.25	721.85	2193.8	6.5	0.0	721.85	3874.85	5385.7
1.25	0.5	0.1511281	0.30268595	0.0633837	0.4287237	0.4312614	282.1233077	0.1808696	0.81844125	0.0006895	7060.25	721.85	2193.8	6.5	0.0	721.85	3874.85	5385.7
1.25	0.75	0.1511281	0.30268595	0.0633837	0.4287237	0.4312614	282.1233077	0.1808696	0.81844125	0.0006895	7060.25	721.85	2193.8	6.5	0.0	721.85	3874.85	5385.7
1.25	1	0.1511281	0.30268595	0.0633837	0.4287237	0.4312614	282.1233077	0.1808696	0.81844125	0.0006895	7060.25	721.85	2193.8	6.5	0.0	721.85	3874.85	5385.7
1.25	1.25	0.1511281	0.30268595	0.0633837	0.4287237	0.4312614	282.1233077	0.1808696	0.81844125	0.0006895	7060.25	721.85	2193.8	6.5	0.0	721.85	3874.85	5385.7
1.25	1.5	0.1511281	0.30268595	0.0633837	0.4287237	0.4312614	282.1233077	0.1808696	0.81844125	0.0006895	7060.25	721.85	2193.8	6.5	0.0	721.85	3874.85	5385.7
1.25	1.75	0.1511281	0.30268595	0.0633837	0.4287237	0.4312614	282.1233077	0.1808696	0.81844125	0.0006895	7060.25	721.85	2193.8	6.5	0.0	721.85	3874.85	5385.7
1.25	2	0.1511281	0.30268595	0.0633837	0.4287237	0.4312614	282.1233077	0.1808696	0.81844125	0.0006895	7060.25	721.85	2193.8	6.5	0.0	721.85	3874.85	5385.7
1.5	-2	0.84953665	0.0004019	0.00010735	0.4506937	0.56039125	1.0	0.0	0.0	1.0	9977.45	0.0	0.0	4.95	0.0	721.85	3874.85	5385.7
1.5	-1.75	0.84953665	0.0004019	0.00010735	0.4506937	0.56039125	1.0	0.0	0.0	1.0	9977.45	0.0	0.0	4.95	0.0	721.85	3874.85	5385.7
1.5	-1.5	0.84953665	0.0004019	0.00010735	0.4506937	0.56039125	1.0	0.0	0.0	1.0	9977.45	0.0	0.0	4.95	0.0	721.85	3874.85	5385.7
1.5	-1.25	0.84953665	0.0004019	0.00010735	0.4506937	0.56039125	1.0	0.0	0.0	1.0	9977.45	0.0	0.0	4.95	0.0	721.85	3874.85	5385.7
1.5	-1	0.84953665	0.0004019	0.00010735	0.4506937	0.56039125	1.0	0.0	0.0	1.0	9977.45	0.0	0.0	4.95	0.0	721.85	3874.85	5385.7
1.5	-0.75	0.84953665	0.0004019	0.00010735	0.4506937	0.56039125	1.0	0.0	0.0	1.0	9977.45	0.0	0.0	4.95	0.0	721.85	3874.85	5385.7
1.5	-0.5	0.84953665	0.0004019	0.00010735	0.4506937	0.56039125	1.0	0.0	0.0	1.0	9977.45	0.0	0.0	4.95	0.0	721.85	3874.85	5385.7
1.5	-0.25	0.84953665	0.0004019	0.00010735	0.4506937	0.56039125	1.0	0.0	0.0	1.0	9977.45	0.0	0.0	4.95	0.0	721.85	3874.85	5385.7
1.5	0	0.2285092	0.07898335	0.021448	0.1908964	0.2349095	106.2395524	0.0260372	0.2184072	0.75555565	8993.6	141.15	426.8	420.85	0.0	721.85	3874.85	5385.7
1.5	0.25	0.1511281	0.30268595	0.0633837	0.4287237	0.4312614	282.1233077	0.1808696	0.81844125	0.0006895	7060.25	721.85	2193.8	6.5	0.0	721.85	3874.85	5385.7
1.5	0.5	0.1511281	0.30268595	0.0633837	0.4287237	0.4312614	282.1233077	0.1808696	0.81844125	0.0006895	7060.25	721.85	2193.8	6.5	0.0	721.85	3874.85	5385.7
1.5	0.75	0.1511281	0.30268595	0.0633837	0.4287237	0.4312614	282.1233077	0.1808696	0.81844125	0.0006895	7060.25	721.85	2193.8	6.5	0.0	721.85	3874.85	5385.7
1.5	1	0.1511281	0.30268595	0.0633837	0.4287237	0.4312614	282.1233077	0.1808696	0.81844125	0.0006895	7060.25	721.85	2193.8	6.5	0.0	721.85	3874.85	5385.7
1.5	1.25	0.1511281	0.30268595	0.0633837	0.4287237	0.4312614	282.1233077	0.1808696	0.81844125	0.0006895	7060.25	721.85	2193.8	6.5	0.0	721.85	3874.85	5385.7
1.5	1.5	0.1511281	0.30268595	0.0633837	0.4287237	0.4312614	282.1233077	0.1808696	0.81844125	0.0006895	7060.25	721.85	2193.8	6.5	0.0	721.85	3874.85	5385.7
1.5	1.75	0.1511281	0.30268595	0.0633837	0.4287237	0.4312614	282.1233077	0.1808696	0.81844125	0.0006895	7060.25	721.85	2193.8	6.5	0.0	721.85	3874.85	5385.7
1.5	2	0.1511281	0.30268595	0.0633837	0.4287237	0.4312614	282.1233077	0.1808696	0.81844125	0.0006895	7060.25	721.85	2193.8	6.5	0.0	721.85	3874.85	5385.7
1.75	-2	0.84953665	0.0004019	0.00010735	0.4506937	0.56039125	1.0	0.0	0.0	1.0	9977.45	0.0	0.0	4.95	0.0	721.85	3874.85	5385.7
1.75	-1.75	0.84953665	0.0004019	0.00010735	0.4506937	0.56039125	1.0	0.0	0.0	1.0	9977.45	0.0	0.0	4.95	0.0	721.85	3874.85	5385.7
1.75	-1.5	0.84953665	0.0004019	0.00010735	0.4506937	0.56039125	1.0	0.0	0.0	1.0	9977.45	0.0	0.0	4.95	0.0	721.85	3874.85	5385.7
1.75	-1.25	0.84953665	0.0004019	0.00010735	0.4506937	0.56039125	1.0	0.0	0.0	1.0	9977.45	0.0	0.0	4.95	0.0	721.85	3874.85	5385.7
1.75	-1	0.84953665	0.0004019	0.00010735	0.4506937	0.56039125	1.0	0.0	0.0	1.0	9977.45	0.0	0.0	4.95	0.0	721.85	3874.85	5385.7
1.75	-0.75	0.84953665	0.0004019	0.00010735	0.4506937	0.56039125	1.0	0.0	0.0	1.0	9977.45	0.0	0.0	4.95	0.0	721.85	3874.85	5385.7
1.75	-0.5	0.84953665	0.0004019	0.00010735	0.4506937	0.56039125	1.0	0.0	0.0	1.0	9977.45	0.0	0.0	4.95	0.0	721.85	3874.85	5385.7
1.75	-0.25	0.84953665	0.0004019	0.00010735	0.4506937	0.56039125	1.0	0.0	0.0	1.0	9977.45	0.0	0.0	4.95	0.0	721.85	3874.85	5385.7
1.75	0	0.2285092	0.07898335	0.021448	0.1908964	0.2349095	106.2395524	0.0260372	0.2184072	0.75555565	8993.6	141.15	426.8	420.85	0.0	721.85	3874.85	5385.7
1.75	0.25	0.1511281	0.30268595	0.0633837	0.4287237	0.4312614	282.1233077	0.1808696	0.81844125	0.0006895	7060.25	721.85	2193.8	6.5	0.0	721.85	3874.85	5385.7
1.75	0.5	0.1511281	0.30268595	0.0633837	0.4287237	0.4312614	282.1233077	0.1808696	0.81844125	0.0006895	7060.25	721.85	2193.8	6.5	0.0	721.85	3874.85	5385.7
1.75	0.75	0.1511281	0.30268595	0.0633837	0.4287237	0.4312614	282.1233077	0.1808696	0.81844125	0.0006895	7060.25	721.85	2193.8	6.5	0.0	721.85	3874.85	5385.7
1.75	1	0.1511281	0.30268595	0.0633837	0.4287237	0.4312614	282.1233077	0.1808696	0.81844125	0.0006895	7060.25	721.85	2193.8	6.5	0.0	721.85	3874.85	5385.7
1.75	1.25	0.1511281	0.30268595	0.0633837	0.4287237	0.4312614	282.1233077	0.1808696	0.81844125	0.0006895	7060.25	721.85	2193.8	6.5	0.0	721.85	3874.85	5385.7
1.75	1.5	0.1511281	0.30268595	0.0633837	0.4287237	0.4312614	282.1233077	0.1808696	0.81844125	0.0006895	7060.25	721.85	2193.8	6.5	0.0	721.85	3874.85	5385.7
1.75	1.75	0.1511281	0.30268595	0.0633837	0.4287237	0.4312614	282.1233077	0.1808696	0.81844125	0.0006895	7060.25	721.85	2193.8	6.5	0.0	721.85	3874.85	5385.7
1.75	2	0.1511281	0.30268595	0.0633837	0.4287237	0.4312614	282.1233077	0.1808696	0.81844125	0.0006895	7060.25	721.85	2193.8	6.5	0.0	721.85	3874.85	5385.7
2	-2	0.84953665	0.0004019	0.00010735	0.4506937	0.56039125	1.0	0.0	0.0	1.0	9977.45	0.0	0.0	4.95	0.0	721.85	3874.85	5385.7
2	-1.75	0.84953665	0.0004019	0.00010735	0.4506937	0.56039125	1.0	0.0	0.0	1.0	9977.45	0.0	0.0	4.95	0.0	721.85	3874.85	5385.7
2	-1.5	0.84953665	0.0004019	0.00010735	0.4506937	0.56039125	1.0	0.0	0.0	1.0	9977.45	0.0	0.0	4.95	0.0	721.85	3874.85	5385.7
2	-1.25	0.84953665	0.0004019	0.00010735	0.4506937	0.56039125	1.0	0.0	0.0	1.0	9977.45	0.0	0.0	4.95	0.0	721.85	3874.85	5385.7
2	-1	0.84953665	0.0004019	0.00010735	0.4506937	0.56039125	1.0	0.0	0.0	1.0	9977.45	0.0	0.0	4.95	0.0	721.85	3874.85	5385.7
2	-0.75	0.84953665	0.0004019	0.00010735	0.4506937	0.56039125	1.0	0.0	0.0	1.0	9977.45	0.0	0.0	4.95	0.0	721.85	3874.85	5385.7
2	-0.5	0.84953665	0.0004019	0.00010735	0.4506937	0.56039125	1.0	0.0	0.0	1.0	9977.45	0.0	0.0	4.95	0.0	721.85	3874.85	5385.7
2	-0.25	0.84953665	0.0004019	0.00010735	0.4506937	0.56039125	1.0	0.0	0.0	1.0	9977.45	0.0	0.0	4.95	0.0	721.85	3874.85	5385.7
2	0	0.2285092	0.07898335	0.021448	0.1908964	0.2349095	106.2395524	0.0260372	0.2184072	0.75555565	8993.6	141.15	426.8	420.85	0.0	721.85	3874.85	5385.7
2	0.25	0.1511281	0.30268595	0.0633837	0.4287237	0.4312614	282.1233077	0.1808696	0.81844125	0.0006895	7060.25	721.85	2193.8	6.5	0.0	721.85	3874.85	5385.7
2	0.5	0.1511281	0.30268595	0.0633837	0.4287237	0.4312614	282.1233077	0.1808696	0.81844125	0.0006895	7060.25	721.85	2193.8	6.5	0.0	721.85	3874.85	5385.7
2	0.75	0.1511281	0.30268595	0.0633837	0.4287237	0.4312614	282.1233077	0.1808696	0.81844125	0.0006895	7060.25	721.85	2193.8	6.5	0.0	721.85	3874.85	5385.7
2	1	0.1511281	0.30268595	0.0633837	0.4287237	0.4312614	282.1233077	0.1808696	0.81844125	0.0006895	7060.25	721.85	2193.8	6.5	0.0	721.85	3874.85	5385.7
2	1.25	0.1511281	0.30268595	0.0633837	0.4287237	0.4312614	282.1233077	0.1808696	0.81844125	0.0006895	7060.25	721.85	2193.8	6.5	0.0	721.85	3874.85	5385.7
2	1.5	0.1511281	0.30268595	0.0633837	0.4287237	0.4312614	282.1233077	0.1808696	0.81844125	0.0006895	7060.25	721.85	2193.8	6.5	0.0	721.85	3874.85	5385.7
2	1.75	0.1511281	0.30268595	0.0633837	0.4287237	0.4312614	282.1233077	0.1808696	0.81844125	0.0006895	7060.25	721.85	2193.8	6.5	0.0	721.85	3874.85	5385.7
2	2	0.1511281	0.30268595	0.0633837	0.4287237	0.4312614	282.1233077	0.1808696	0.81844125	0.0006895	7060.25	721.85	2193.8	6.5	0.0	721.85	3874.85	5385.7
