ur	ir	R	RL	PL	HL	IL	NL	L1	L2	L3	PL0	PL1	PL2	PL3	TL0	TL1	TL2	TL3
0	0	0.1316109	0.3781202	0.0760536	0.53697185	0.45457685	270.2340096	0.17691955	0.81118765	0.01189295	6476.1	719.2	2670.35	116.75	0.0	721.85	3874.85	5385.7
0	0.25	0.1274792	0.40128115	0.0791389	0.5841323	0.45537475	260.80312945	0.1634666	0.80413775	0.03239555	6333.8	699.65	2721.35	227.6	0.0	721.85	3874.85	5385.7
0	0.5	0.12336115	0.4326753	0.0825971	0.66721375	0.4495947	239.0771644	0.13006035	0.7742534	0.09568615	6174.35	609.55	2717.2	481.3	0.0	721.85	3874.85	5385.7
0	0.75	0.1423391	0.4369837	0.0782147	0.81890605	0.3964433	166.6679416	0.03381545	0.56200215	0.4041824	6376.35	265.05	2255.6	1085.4	0.0	721.85	3874.85	5385.7
0	1	0.49799645	0.0014802	0.0003199	0.5768821	0.5130862	1.5021369	0.0	0.0	1.0	9967.65	0.0	0.0	14.75	0.0	721.85	3874.85	5385.7
0	1.25	0.7168602	0.0007553	0.0001812	0.50569345	0.5629944	1.07425985	0.0	0.0	1.0	9974.05	0.0	0.0	8.35	0.0	721.85	3874.85	5385.7
0	1.5	0.7841183	0.0006771	0.0001519	0.4782569	0.5750101	1.01691625	0.0	0.0	1.0	9975.4	0.0	0.0	7.0	0.0	721.85	3874.85	5385.7
0	1.75	0.809243	0.0005672	0.00013565	0.4692779	0.58511875	1.0034559	0.0	0.0	1.0	9976.15	0.0	0.0	6.25	0.0	721.85	3874.85	5385.7
0	2	0.8207767	0.00058195	0.0001324	0.46684725	0.5817872	1.0006501	0.0	0.0	1.0	9976.3	0.0	0.0	6.1	0.0	721.85	3874.85	5385.7
0.25	0	0.1290312	0.4017359	0.07807565	0.55956455	0.4381927	269.7576426	0.17897355	0.8029322	0.0180944	6382.85	720.85	2752.05	126.65	0.0	721.85	3874.85	5385.7
0.25	0.25	0.12388615	0.42788535	0.0816358	0.61164825	0.43638845	260.67242	0.1705684	0.7866903	0.04274125	6218.7	713.35	2822.9	227.45	0.0	721.85	3874.85	5385.7
0.25	0.5	0.1170642	0.4652849	0.0866368	0.69745195	0.4301035	239.25457905	0.1376703	0.75565225	0.10667755	5988.1	656.95	2872.75	464.6	0.0	721.85	3874.85	5385.7
0.25	0.75	0.1186585	0.4970807	0.0892748	0.82647435	0.3982623	183.44120135	0.05469045	0.6166226	0.3286872	5866.5	419.6	2620.55	1075.75	0.0	721.85	3874.85	5385.7
0.25	1	0.4250087	0.00718985	0.0010747	0.7300745	0.3965929	2.6710943	0.0	1.165e-05	0.99998835	9932.85	0.0	0.05	49.5	0.0	721.85	3874.85	5385.7
0.25	1.25	0.7021871	0.00100375	0.0002224	0.585253	0.5367318	1.09286205	0.0	0.0	1.0	9972.15	0.0	0.0	10.25	0.0	721.85	3874.85	5385.7
0.25	1.5	0.7783891	0.00072155	0.0001703	0.54893145	0.55951845	1.02227675	0.0	0.0	1.0	9974.55	0.0	0.0	7.85	0.0	721.85	3874.85	5385.7
0.25	1.75	0.80569705	0.00066585	0.0001551	0.5361303	0.561538	1.00629055	0.0	0.0	1.0	9975.25	0.0	0.0	7.15	0.0	721.85	3874.85	5385.7
0.25	2	0.8180683	0.0006786	0.000153	0.5318485	0.5596133	1.00171895	0.0	0.0	1.0	9975.35	0.0	0.0	7.05	0.0	721.85	3874.85	5385.7
0.5	0	0.12684305	0.42131295	0.07966615	0.57989195	0.42020385	268.0140997	0.17993735	0.7903902	0.02967245	6309.5	721.55	2816.0	135.35	0.0	721.85	3874.85	5385.7
0.5	0.25	0.12104155	0.44865945	0.08363025	0.63326425	0.41568625	259.0655367	0.17384295	0.7694359	0.05672105	6126.75	719.55	2910.05	226.05	0.0	721.85	3874.85	5385.7
0.5	0.5	0.11258595	0.49008015	0.0896601	0.7165376	0.40852155	238.9241389	0.14549625	0.73517725	0.1193267	5848.75	698.4	2987.7	447.55	0.0	721.85	3874.85	5385.7
0.5	0.75	0.1042562	0.5299152	0.09660265	0.8247528	0.38827555	194.0791007	0.07447825	0.63775085	0.28777095	5528.65	574.65	2874.85	1004.25	0.0	721.85	3874.85	5385.7
0.5	1	0.3217603	0.03832415	0.00563265	0.860613	0.22723245	9.26250055	2.1e-06	0.00267025	0.99732765	9722.7	0.05	9.9	249.75	0.0	721.85	3874.85	5385.7
0.5	1.25	0.6836092	0.0021875	0.00034165	0.6706235	0.4865304	1.25900845	0.0	0.0	1.0	9966.65	0.0	0.0	15.75	0.0	721.85	3874.85	5385.7
0.5	1.5	0.7704672	0.00122395	0.0002268	0.616111	0.48438195	1.0653435	0.0	0.0	1.0	9971.95	0.0	0.0	10.45	0.0	721.85	3874.85	5385.7
0.5	1.75	0.8009349	0.00100805	0.0001974	0.594736	0.47969375	1.02359175	0.0	0.0	1.0	9973.3	0.0	0.0	9.1	0.0	721.85	3874.85	5385.7
0.5	2	0.81459765	0.00090585	0.0001887	0.58503585	0.48130985	1.00933815	0.0	0.0	1.0	9973.7	0.0	0.0	8.7	0.0	721.85	3874.85	5385.7
0.75	0	0.12529705	0.43739895	0.08073435	0.59341635	0.40149285	265.3349088	0.17990345	0.7773583	0.04273805	6260.25	721.7	2858.9	141.55	0.0	721.85	3874.85	5385.7
0.75	0.25	0.11931345	0.4638066	0.08481115	0.6462874	0.3945614	255.78782505	0.17077825	0.75593635	0.0732853	6072.3	720.9	2961.75	227.45	0.0	721.85	3874.85	5385.7
0.75	0.5	0.11029385	0.5024424	0.09100465	0.72346095	0.38551985	236.8030785	0.14738495	0.71569235	0.1369226	5786.75	715.05	3054.3	426.3	0.0	721.85	3874.85	5385.7
0.75	0.75	0.0973598	0.53798575	0.0989952	0.8119764	0.3701658	201.35301065	0.0912905	0.64248035	0.26622905	5418.35	649.3	3027.4	887.35	0.0	721.85	3874.85	5385.7
0.75	1	0.20467125	0.12601825	0.02204385	0.89482065	0.1446149	28.6659003	0.00072645	0.0380637	0.96121	8966.1	9.35	215.75	791.2	0.0	721.85	3874.85	5385.7
0.75	1.25	0.6600686	0.0046146	0.0006607	0.6816659	0.428284	1.6735568	0.0	0.0	1.0	9951.95	0.0	0.0	30.45	0.0	721.85	3874.85	5385.7
0.75	1.5	0.760252	0.00217015	0.0003753	0.6136361	0.43497835	1.2157137	0.0	0.0	1.0	9965.1	0.0	0.0	17.3	0.0	721.85	3874.85	5385.7
0.75	1.75	0.7947259	0.0014745	0.0002764	0.5801533	0.42193025	1.0810615	0.0	0.0	1.0	9969.65	0.0	0.0	12.75	0.0	721.85	3874.85	5385.7
0.75	2	0.8102806	0.00116155	0.00024615	0.5635002	0.42006875	1.0372513	0.0	0.0	1.0	9971.05	0.0	0.0	11.35	0.0	721.85	3874.85	5385.7
1	0	0.1246409	0.44642525	0.08096615	0.6011519	0.3821431	261.18377835	0.17588545	0.7643351	0.05977955	6249.6	721.7	2855.15	155.95	0.0	721.85	3874.85	5385.7
1	0.25	0.11897585	0.47102475	0.0848109	0.64773975	0.37349145	251.68682395	0.16831705	0.73869445	0.0929882	6072.35	721.4	2949.85	238.8	0.0	721.85	3874.85	5385.7
1	0.5	0.11055955	0.50273795	0.09025725	0.71361895	0.3625922	233.49094275	0.1435716	0.7001209	0.15630755	5821.25	719.65	3039.5	402.0	0.0	721.85	3874.85	5385.7
1	0.75	0.0977614	0.52553695	0.0966355	0.7848615	0.3459902	205.4064029	0.1047795	0.63312515	0.26209545	5527.15	689.15	3023.7	742.4	0.0	721.85	3874.85	5385.7
1	1	0.1380338	0.2241257	0.0478042	0.88164475	0.14342235	55.75022265	0.0085059	0.1258558	0.8656385	7778.45	130.45	978.7	1094.8	0.0	721.85	3874.85	5385.7
1	1.25	0.62891415	0.0064938	0.0009316	0.6762875	0.36110325	2.33920685	0.0	0.0	1.0	9939.45	0.0	0.0	42.95	0.0	721.85	3874.85	5385.7
1	1.5	0.747745	0.0032196	0.0005141	0.58961205	0.4113243	1.4526882	0.0	0.0	1.0	9958.7	0.0	0.0	23.7	0.0	721.85	3874.85	5385.7
1	1.75	0.78676935	0.00215375	0.0003981	0.5428084	0.40362155	1.2202492	0.0	0.0	1.0	9964.05	0.0	0.0	18.35	0.0	721.85	3874.85	5385.7
1	2	0.8049072	0.00167875	0.00031985	0.5145648	0.38818685	1.108562	0.0	0.0	1.0	9967.65	0.0	0.0	14.75	0.0	721.85	3874.85	5385.7
1.25	0	0.12509505	0.44927155	0.0802016	0.5994275	0.36342485	256.18876875	0.17197975	0.74865635	0.0793637	6284.85	721.65	2791.3	184.6	0.0	721.85	3874.85	5385.7
1.25	0.25	0.12027955	0.46852615	0.0830721	0.6378937	0.3530604	246.20632025	0.1634931	0.7189078	0.1175991	6152.5	721.5	2846.9	261.5	0.0	721.85	3874.85	5385.7
1.25	0.5	0.1136386	0.4898067	0.08662785	0.6882151	0.340269	228.57427675	0.13671585	0.6813881	0.18189615	5988.6	719.0	2881.35	393.45	0.0	721.85	3874.85	5385.7
1.25	0.75	0.10504855	0.49595545	0.0896734	0.74190655	0.32033845	204.82047515	0.11050255	0.6098324	0.2796648	5848.2	696.1	2800.15	637.95	0.0	721.85	3874.85	5385.7
1.25	1	0.13615885	0.24461045	0.0516181	0.84496145	0.1423889	74.41998195	0.02505295	0.1788824	0.7960647	7602.65	307.6	1219.4	852.75	0.0	721.85	3874.85	5385.7
1.25	1.25	0.58181235	0.00936635	0.0012254	0.65602425	0.2952162	3.2266532	0.0	0.0	1.0	9925.9	0.0	0.0	56.5	0.0	721.85	3874.85	5385.7
1.25	1.5	0.731756	0.0041355	0.00063115	0.5750431	0.3744023	1.85321	0.0	0.0	1.0	9953.3	0.0	0.0	29.1	0.0	721.85	3874.85	5385.7
1.25	1.75	0.77666235	0.00249505	0.00045545	0.5140318	0.39875565	1.40871585	0.0	0.0	1.0	9961.4	0.0	0.0	21.0	0.0	721.85	3874.85	5385.7
1.25	2	0.79817795	0.00204665	0.0003785	0.47845515	0.3874103	1.23841565	0.0	0.0	1.0	9964.95	0.0	0.0	17.45	0.0	721.85	3874.85	5385.7
1.5	0	0.1267382	0.4460882	0.0782804	0.58780505	0.3466319	250.7420689	0.16907955	0.7292578	0.1016628	6373.45	721.65	2668.45	218.85	0.0	721.85	3874.85	5385.7
1.5	0.25	0.1232829	0.4596103	0.07984185	0.61811535	0.3350469	239.7309449	0.15691395	0.6964178	0.1466681	6301.45	721.05	2663.65	296.25	0.0	721.85	3874.85	5385.7
1.5	0.5	0.11944545	0.46847335	0.08097535	0.65218525	0.321072	222.4080816	0.1311145	0.6547392	0.2141464	6249.2	715.8	2608.75	408.65	0.0	721.85	3874.85	5385.7
1.5	0.75	0.11807965	0.4566866	0.0794036	0.6884643	0.29809405	199.75399905	0.11018985	0.57488545	0.3149247	6321.7	689.1	2388.1	583.5	0.0	721.85	3874.85	5385.7
1.5	1	0.1646294	0.2243504	0.04214885	0.79441925	0.1350496	81.273982	0.03732775	0.18857905	0.77409335	8039.2	354.75	963.65	624.8	0.0	721.85	3874.85	5385.7
1.5	1.25	0.513537	0.0115824	0.0015094	0.6250723	0.24577125	4.0837359	0.0	0.0	1.0	9912.8	0.0	0.0	69.6	0.0	721.85	3874.85	5385.7
1.5	1.5	0.70927695	0.0054595	0.00079925	0.55737445	0.32706255	2.4454199	0.0	0.0	1.0	9945.55	0.0	0.0	36.85	0.0	721.85	3874.85	5385.7
1.5	1.75	0.76400425	0.0031322	0.0005228	0.50157455	0.37510045	1.7386182	0.0	0.0	1.0	9958.3	0.0	0.0	24.1	0.0	721.85	3874.85	5385.7
1.5	2	0.7896892	0.00227115	0.0004156	0.4553203	0.38790175	1.4183999	0.0	0.0	1.0	9963.25	0.0	0.0	19.15	0.0	721.85	3874.85	5385.7
1.75	0	0.1295649	0.43876855	0.07533695	0.5703058	0.33223775	244.7400784	0.1649799	0.70684095	0.12817935	6509.15	721.65	2495.7	255.9	0.0	721.85	3874.85	5385.7
1.75	0.25	0.12790275	0.4446353	0.07544745	0.5916929	0.32011215	232.7407264	0.1499311	0.6707127	0.17935635	6504.05	719.65	2431.0	327.7	0.0	721.85	3874.85	5385.7
1.75	0.5	0.12761795	0.44280845	0.07406375	0.6113133	0.3061085	215.5642682	0.1267254	0.62203405	0.2512407	6567.85	710.55	2280.15	423.85	0.0	721.85	3874.85	5385.7
1.75	0.75	0.13511065	0.4171465	0.06836745	0.63526565	0.2810619	192.0145567	0.10734145	0.5338769	0.3587816	6830.45	672.75	1933.1	546.1	0.0	721.85	3874.85	5385.7
1.75	1	0.1958007	0.2011565	0.0335068	0.74012795	0.1300954	81.9657359	0.04163735	0.1833138	0.7750488	8437.65	340.1	711.65	493.0	0.0	721.85	3874.85	5385.7
1.75	1.25	0.4526528	0.01338955	0.0016885	0.58178295	0.21134725	5.05730755	0.0	0.0	1.0	9904.55	0.0	0.0	77.85	0.0	721.85	3874.85	5385.7
1.75	1.5	0.675345	0.00624695	0.0009337	0.5321065	0.28956745	3.007177	0.0	0.0	1.0	9939.35	0.0	0.0	43.05	0.0	721.85	3874.85	5385.7
1.75	1.75	0.74767175	0.00429885	0.00067125	0.4851517	0.3327098	2.2103563	0.0	0.0	1.0	9951.45	0.0	0.0	30.95	0.0	721.85	3874.85	5385.7
1.75	2	0.7789352	0.0028042	0.00048375	0.44545805	0.3740564	1.71883355	0.0	0.0	1.0	9960.1	0.0	0.0	22.3	0.0	721.85	3874.85	5385.7
2	0	0.13346165	0.42709445	0.0717316	0.54924795	0.32059595	238.6603033	0.16000425	0.68326095	0.1567349	6675.35	721.0	2299.75	286.3	0.0	721.85	3874.85	5385.7
2	0.25	0.13388075	0.428429	0.07056435	0.563712	0.3087787	226.0078982	0.1442863	0.6418165	0.21389715	6729.15	716.9	2180.55	355.8	0.0	721.85	3874.85	5385.7
2	0.5	0.13758495	0.41926105	0.0672437	0.57314855	0.2954118	208.7257073	0.1225897	0.58810595	0.2893043	6882.25	705.35	1957.8	437.0	0.0	721.85	3874.85	5385.7
2	0.75	0.15388385	0.38241455	0.0589563	0.59296365	0.26827	183.90688865	0.10292355	0.4959215	0.4011548	7264.35	651.05	1549.55	517.45	0.0	721.85	3874.85	5385.7
2	1	0.22048075	0.18491655	0.02814185	0.6928076	0.127627	80.63538915	0.0417444	0.1753405	0.7829153	8685.0	302.8	565.2	429.4	0.0	721.85	3874.85	5385.7
2	1.25	0.4092809	0.01516075	0.0018598	0.54370775	0.1865578	6.14319935	0.0	1.05e-06	0.99999895	9896.65	0.0	0.0	85.75	0.0	721.85	3874.85	5385.7
2	1.5	0.62473815	0.00690175	0.00100525	0.5019257	0.2597378	3.5878537	0.0	0.0	1.0	9936.05	0.0	0.0	46.35	0.0	721.85	3874.85	5385.7
2	1.75	0.72557105	0.00500305	0.00078075	0.467496	0.30447815	2.663614	0.0	0.0	1.0	9946.4	0.0	0.0	36.0	0.0	721.85	3874.85	5385.7
2	2	0.7655024	0.00366735	0.00060945	0.43210315	0.3358696	2.1259534	0.0	0.0	1.0	9954.3	0.0	0.0	28.1	0.0	721.85	3874.85	5385.7
