hp	R	RL	PL	HL	IL	NL	L1	L2	L3	PL0	PL1	PL2	PL3	TL0	TL1	TL2	TL3
0	0.13148765	0.2418036	0.115753425	0.628253475	0.5042091	323.544183475	0.390465225	0.60905215	0.0004823	7847.2	689.075	1438.4	4.475	0.0	720.05	3485.875	5773.225
0.05	0.130428875	0.248386525	0.11703045	0.63761625	0.4971837	323.772193775	0.39346905	0.60606575	0.000465075	7823.675	695.675	1455.6	4.2	0.0	720.05	3485.875	5773.225
0.1	0.129406625	0.25523055	0.11832745	0.6467321	0.4900315	323.672949325	0.3947574	0.604589025	0.00065325	7799.775	701.75	1472.225	5.4	0.0	720.05	3485.875	5773.225
0.15	0.1284437	0.261138525	0.11932155	0.654651125	0.48284795	323.399704425	0.395338	0.6033829	0.001279025	7781.475	706.825	1483.0	7.85	0.0	720.05	3485.875	5773.225
0.2	0.1275472	0.266985425	0.120373075	0.6617896	0.4755291	322.942136825	0.395242625	0.60212485	0.0026326	7762.1	711.05	1493.75	12.25	0.0	720.05	3485.875	5773.225
0.25	0.126740875	0.27122765	0.121031425	0.668199875	0.467941975	322.26875275	0.394355725	0.6009505	0.00469385	7749.975	713.65	1498.275	17.25	0.0	720.05	3485.875	5773.225
0.3	0.12603475	0.2756742	0.12166565	0.673788225	0.460279575	321.34627385	0.3922521	0.600316775	0.007431025	7738.3	715.675	1501.975	23.2	0.0	720.05	3485.875	5773.225
0.35	0.12545145	0.279267625	0.12204335	0.678360175	0.452728025	320.113597725	0.38834965	0.60096895	0.01068135	7731.35	717.05	1502.4	28.35	0.0	720.05	3485.875	5773.225
0.4	0.125000175	0.282666125	0.12216265	0.68174495	0.44508195	318.57251725	0.382827375	0.602644475	0.014528125	7729.15	718.15	1497.375	34.475	0.0	720.05	3485.875	5773.225
0.45	0.1246991	0.2847398	0.121925375	0.68349195	0.4376975	316.849888625	0.376456825	0.605053025	0.0184902	7733.525	718.425	1487.275	39.925	0.0	720.05	3485.875	5773.225
0.5	0.124562375	0.28616295	0.121405525	0.68307915	0.43075285	315.076910125	0.369642175	0.60795735	0.0224006	7743.1	718.275	1472.9	44.875	0.0	720.05	3485.875	5773.225
0.55	0.1245992	0.28669745	0.120485125	0.6805274	0.42391855	313.204031025	0.36255325	0.611141325	0.026305725	7760.05	717.85	1451.1	50.15	0.0	720.05	3485.875	5773.225
0.6	0.1248356	0.286130425	0.119210825	0.6760946	0.417564975	311.307488075	0.35583775	0.614180825	0.02998145	7783.525	717.1	1422.9	55.625	0.0	720.05	3485.875	5773.225
0.65	0.1252628	0.2848586	0.117417675	0.670244525	0.411534575	309.2888587	0.349408875	0.616915475	0.033675825	7816.55	716.15	1385.35	61.1	0.0	720.05	3485.875	5773.225
0.7	0.125875475	0.282948275	0.115417725	0.663127375	0.40593125	307.2012831	0.343396025	0.619146475	0.03745755	7853.375	715.2	1343.85	66.725	0.0	720.05	3485.875	5773.225
0.75	0.12668225	0.280109925	0.1131513	0.6555097	0.400822825	304.9913786	0.33754375	0.621027275	0.041428925	7895.125	713.325	1298.475	72.225	0.0	720.05	3485.875	5773.225
0.8	0.12768115	0.277189925	0.110771775	0.6477592	0.396307625	302.718186575	0.3320082	0.6225079	0.04548385	7938.95	711.3	1250.175	78.725	0.0	720.05	3485.875	5773.225
0.85	0.1288658	0.27389045	0.10813295	0.6398753	0.39234525	300.362519875	0.326503175	0.623499475	0.049997375	7987.55	708.875	1198.85	83.875	0.0	720.05	3485.875	5773.225
0.9	0.130227725	0.27071155	0.105456475	0.6319598	0.3888264	298.00607235	0.321161025	0.62411855	0.0547204	8036.85	707.075	1145.3	89.925	0.0	720.05	3485.875	5773.225
0.95	0.131753075	0.26756545	0.102782	0.6244397	0.38571285	295.64048125	0.31582845	0.624781275	0.0593903	8086.1	704.675	1093.05	95.325	0.0	720.05	3485.875	5773.225
1	0.1334275	0.26442985	0.1001391	0.61706575	0.382991675	293.30306075	0.310478525	0.625458675	0.064062825	8134.775	701.6	1042.2	100.575	0.0	720.05	3485.875	5773.225
1.05	0.1352289	0.26110845	0.097524975	0.61029265	0.3806265	291.060694525	0.305357925	0.625963625	0.0686784	8182.925	697.675	993.375	105.175	0.0	720.05	3485.875	5773.225
1.1	0.137145975	0.257874925	0.095071375	0.603976875	0.3786194	288.937513275	0.300566	0.6262991	0.073134975	8228.125	693.775	947.775	109.475	0.0	720.05	3485.875	5773.225
1.15	0.1391574	0.2548322	0.0929074	0.59801345	0.376896125	286.961483325	0.296043175	0.626578725	0.077378025	8267.975	689.425	908.3	113.45	0.0	720.05	3485.875	5773.225
1.2	0.141244475	0.252185475	0.091009425	0.59275805	0.3753827	285.076214125	0.291652975	0.6266848	0.081662275	8302.925	684.9	873.9	117.425	0.0	720.05	3485.875	5773.225
1.25	0.14339025	0.24992625	0.089346075	0.58786975	0.374033775	283.3293955	0.287547725	0.6268704	0.0855819	8333.575	679.275	845.4	120.9	0.0	720.05	3485.875	5773.225
1.3	0.145584425	0.24778845	0.08789505	0.5834504	0.372835175	281.698865275	0.283600225	0.6269843	0.0894154	8360.3	673.3	820.8	124.75	0.0	720.05	3485.875	5773.225
1.35	0.147796375	0.24584925	0.086570175	0.579295925	0.37173725	280.126923325	0.27969115	0.62712215	0.093186575	8384.7	666.775	799.15	128.525	0.0	720.05	3485.875	5773.225
1.4	0.1500298	0.243704325	0.0853611	0.5753296	0.370732725	278.640055675	0.27590665	0.6272535	0.09684	8406.975	660.6	780.925	130.65	0.0	720.05	3485.875	5773.225
1.45	0.15225505	0.24213475	0.08435375	0.57177145	0.3698134	277.2304918	0.272347575	0.62725745	0.10039495	8425.525	654.55	765.2	133.875	0.0	720.05	3485.875	5773.225
1.5	0.1544602	0.240235875	0.083291775	0.56857155	0.36896185	275.876831975	0.268889225	0.6272601	0.10385075	8445.075	647.3	750.8	135.975	0.0	720.05	3485.875	5773.225
1.55	0.156636375	0.23857085	0.08232285	0.56540705	0.368205375	274.60265245	0.265620325	0.627311725	0.107067875	8462.925	640.775	736.85	138.6	0.0	720.05	3485.875	5773.225
1.6	0.15876295	0.2370062	0.081512575	0.5625405	0.3674735	273.4038879	0.262563625	0.627167225	0.11026905	8477.85	634.6	725.825	140.875	0.0	720.05	3485.875	5773.225
1.65	0.1608337	0.235432775	0.0807128	0.559949725	0.366807725	272.28442065	0.259687225	0.6270545	0.113258225	8492.575	628.425	715.175	142.975	0.0	720.05	3485.875	5773.225
1.7	0.162845275	0.234113375	0.080034225	0.557556975	0.36617625	271.196894225	0.25682525	0.626810825	0.116364025	8505.075	622.375	707.05	144.65	0.0	720.05	3485.875	5773.225
1.75	0.164788325	0.232609675	0.079307075	0.555169425	0.36558185	270.176859675	0.254217925	0.626606575	0.11917555	8518.475	616.0	698.425	146.25	0.0	720.05	3485.875	5773.225
1.8	0.16665185	0.2312506	0.0786595	0.552989125	0.365023475	269.1952214	0.251667625	0.62629375	0.122038675	8530.4	610.075	691.0	147.675	0.0	720.05	3485.875	5773.225
1.85	0.1684451	0.2300814	0.07805405	0.5508491	0.364479275	268.2407344	0.249180825	0.62601275	0.124806525	8541.55	604.8	683.575	149.225	0.0	720.05	3485.875	5773.225
1.9	0.170159625	0.2289316	0.077494875	0.548974625	0.36399645	267.35657475	0.246910125	0.6255885	0.127501325	8551.85	599.35	677.625	150.325	0.0	720.05	3485.875	5773.225
1.95	0.171798975	0.2278627	0.07698055	0.54696815	0.36351705	266.500676125	0.244660675	0.62531815	0.13002125	8561.325	594.375	671.975	151.475	0.0	720.05	3485.875	5773.225
2	0.173363	0.226783825	0.0764499	0.545107675	0.363062575	265.67639445	0.242484075	0.62502255	0.132493475	8571.1	589.6	665.9	152.55	0.0	720.05	3485.875	5773.225
